-1207.193848 1644.000000
-1203.259277 1644.000000
-1199.342285 1644.000000
-1193.261108 1641.000000
-1187.210571 1638.000000
-1183.356934 1638.000000
-1180.238525 1639.000000
-1174.258911 1636.000000
-1168.307129 1633.000000
-1164.521973 1633.000000
-1161.460449 1634.000000
-1155.572510 1631.000000
-1150.416504 1629.000000
-1148.096558 1631.000000
-1145.076782 1632.000000
-1140.664185 1631.000000
-1135.569214 1629.000000
-1131.882568 1629.000000
-1128.897827 1630.000000
-1124.537109 1629.000000
-1120.877319 1629.000000
-1117.911743 1630.000000
-1114.266113 1630.000000
-1111.990845 1632.000000
-1109.034790 1633.000000
-1103.373657 1630.000000
-1098.407593 1628.000000
-1094.801758 1628.000000
-1091.202026 1628.000000
-1081.595825 1619.000000
-1072.700928 1611.000000
-1069.819580 1612.000000
-1067.600708 1614.000000
-1066.037231 1617.000000
-1064.465332 1620.000000
-1062.885010 1623.000000
-1061.295898 1626.000000
-1053.192871 1619.000000
-1045.124390 1612.000000
-1042.259399 1613.000000
-1040.037842 1615.000000
-1037.169312 1616.000000
-1034.939331 1618.000000
-1032.066406 1619.000000
-1029.827393 1621.000000
-1025.683350 1620.000000
-1022.177246 1620.000000
-1016.787292 1617.000000
-1012.039307 1615.000000
-1006.677795 1612.000000
-1001.331543 1609.000000
-998.480835 1610.000000
-995.627686 1611.000000
-990.924561 1609.000000
-986.845276 1608.000000
-983.994995 1609.000000
-981.751404 1611.000000
-975.856812 1607.000000
-970.586060 1604.000000
-968.946838 1607.000000
-967.896545 1611.000000
-965.632751 1613.000000
-963.957703 1616.000000
-956.921326 1610.000000
-950.503540 1605.000000
-946.468018 1604.000000
-942.437439 1603.000000
-937.825684 1601.000000
-933.806458 1600.000000
-931.536438 1602.000000
-929.257935 1604.000000
-922.930481 1599.000000
-917.199707 1595.000000
-915.496399 1598.000000
-913.780029 1601.000000
-912.050720 1604.000000
-910.308350 1607.000000
-900.652344 1596.000000
-890.481079 1584.000000
-886.521301 1583.000000
-810.598816 1453.000000
-790.807434 1423.000000
-771.144348 1393.000000
-763.741150 1385.000000
-756.371948 1377.000000
-752.319336 1375.000000
-748.819580 1374.000000
-745.866394 1374.000000
-742.912659 1374.000000
-738.880981 1372.000000
-735.393555 1371.000000
-732.443970 1371.000000
-729.493530 1371.000000
-730.251831 1378.000000
-730.979126 1385.000000
-732.726563 1394.000000
-735.481323 1405.000000
-737.145020 1414.000000
-739.288147 1424.000000
-727.945007 1408.000000
-717.184692 1393.000000
-715.716431 1396.000000
-714.744751 1400.000000
-717.313293 1411.000000
-720.339478 1423.000000
-730.873535 1450.000000
-742.293396 1479.000000
-752.087463 1505.000000
-762.265381 1532.000000
-764.398743 1543.000000
-766.976501 1555.000000
-766.554626 1561.000000
-766.594238 1568.000000
-766.115540 1574.000000
-766.093872 1581.000000
-763.146301 1582.000000
-760.673218 1584.000000
-756.755798 1583.000000
-753.317322 1583.000000
-747.508972 1578.000000
-741.720886 1573.000000
-739.238770 1575.000000
-737.213684 1578.000000
-734.244263 1579.000000
-731.731750 1581.000000
-727.827393 1580.000000
-724.384460 1580.000000
-723.221558 1585.000000
-722.035522 1590.000000
-722.182129 1598.000000
-722.742126 1607.000000
-725.051758 1620.000000
-727.748596 1634.000000
-725.507813 1637.000000
-723.693481 1641.000000
-721.421570 1644.000000
-719.571777 1648.000000
-720.309814 1658.000000
-721.002747 1668.000000
-719.930298 1674.000000
-719.258179 1681.000000
-707.060425 1661.000000
-694.949219 1641.000000
-678.290161 1610.000000
-657.155701 1568.000000
-654.548401 1570.000000
-651.931274 1572.000000
-653.841858 1585.000000
-655.694092 1598.000000
-653.815125 1602.000000
-651.917419 1606.000000
-647.174927 1603.000000
-641.641541 1598.000000
-639.723083 1602.000000
-637.785950 1606.000000
-636.620056 1612.000000
-636.604919 1621.000000
-635.768066 1628.000000
-636.064392 1638.000000
-635.157349 1645.000000
-635.370239 1655.000000
-633.247986 1659.000000
-631.486694 1664.000000
-629.325073 1668.000000
-626.769958 1671.000000
-623.827881 1673.000000
-618.281494 1668.000000
-617.177917 1675.000000
-618.972717 1690.000000
-616.332031 1693.000000
-614.401062 1698.000000
-611.008789 1699.000000
-600.105652 1679.000000
-598.170410 1684.000000
-250.275116 709.000000
-248.707489 709.000000
-424.912781 1219.000000
-421.870361 1218.000000
-502.460602 1460.000000
-500.940521 1465.000000
-499.058044 1469.000000
-497.157440 1473.000000
-495.238800 1477.000000
-491.969757 1477.000000
-489.362305 1479.000000
-486.088379 1479.000000
-482.814148 1479.000000
-477.918518 1474.000000
-473.044800 1469.000000
-468.193115 1464.000000
-463.363312 1459.000000
-460.132477 1459.000000
-457.214722 1460.000000
-454.914215 1463.000000
-452.600342 1466.000000
-449.353760 1466.000000
-446.715607 1468.000000
-442.256134 1464.000000
-437.814301 1460.000000
-433.985687 1458.000000
-430.165863 1456.000000
-427.527924 1458.000000
-424.881195 1460.000000
-421.936981 1461.000000
-418.988464 1462.000000
-416.035736 1463.000000
-413.643066 1466.000000
-410.117493 1465.000000
-406.874268 1465.000000
-404.182434 1467.000000
-401.481842 1469.000000
-398.501740 1470.000000
-395.517426 1471.000000
-390.662354 1465.000000
-386.363129 1461.000000
-382.606476 1459.000000
-379.118958 1458.000000
-376.409760 1460.000000
-373.692047 1462.000000
-369.952423 1460.000000
-366.222137 1458.000000
-363.496887 1460.000000
-360.763397 1462.000000
-358.265991 1465.000000
-355.755890 1468.000000
-351.312012 1463.000000
-346.890778 1458.000000
-344.613556 1462.000000
-342.085693 1465.000000
-339.545258 1468.000000
-336.992126 1471.000000
-332.611267 1466.000000
-328.253143 1461.000000
-324.362579 1458.000000
-320.485962 1455.000000
-317.495453 1456.000000
-314.717010 1458.000000
-312.144104 1461.000000
-309.558685 1464.000000
-304.240570 1454.000000
-298.967255 1444.000000
-296.811218 1449.000000
-294.633942 1454.000000
-292.034424 1457.000000
-289.620819 1461.000000
-285.425995 1456.000000
-281.253998 1451.000000
-278.637695 1454.000000
-276.198547 1458.000000
-272.993652 1458.000000
-269.789520 1458.000000
-266.769012 1459.000000
-263.744965 1460.000000
-260.360413 1459.000000
-256.981110 1458.000000
-253.955154 1459.000000
-250.753815 1459.000000
-247.553238 1459.000000
-244.353607 1459.000000
-240.493576 1455.000000
-236.815079 1452.000000
-233.955154 1454.000000
-231.404678 1458.000000
-228.211594 1458.000000
-225.173523 1459.000000
-222.284271 1461.000000
-219.536972 1464.000000
-215.743134 1460.000000
-211.967621 1456.000000
-209.787872 1463.000000
-207.437256 1469.000000
-203.253967 1462.000000
-199.102097 1455.000000
-195.924347 1455.000000
-193.012344 1457.000000
-188.920013 1450.000000
-185.115311 1445.000000
-182.844406 1452.000000
-180.543793 1459.000000
-177.605881 1461.000000
-174.660019 1463.000000
-171.471878 1463.000000
-168.514832 1465.000000
-164.195679 1455.000000
-160.031708 1446.000000
-156.775681 1445.000000
-153.737534 1446.000000
-150.800095 1448.000000
-148.058823 1452.000000
-145.001480 1453.000000
-142.038406 1455.000000
-138.685715 1453.000000
-135.342529 1451.000000
-132.282227 1452.000000
-129.218460 1453.000000
-126.064400 1453.000000
-123.080414 1455.000000
-119.758850 1453.000000
-116.527054 1452.000000
-113.144424 1449.000000
-109.927315 1448.000000
-106.420372 1443.000000
-103.007492 1439.000000
-99.821068 1438.000000
-96.706963 1438.000000
-93.658813 1439.000000
-90.607040 1440.000000
-87.551796 1441.000000
-84.551636 1443.000000
-81.430710 1443.000000
-78.310539 1443.000000
-75.451668 1448.000000
-72.571991 1453.000000
-69.098038 1446.000000
-65.609337 1438.000000
-62.938396 1448.000000
-60.225082 1458.000000
-55.981670 1430.000000
-51.267864 1386.000000
-48.242519 1385.000000
-45.222267 1384.000000
-42.328854 1387.000000
-39.395027 1389.000000
-36.269691 1384.000000
-33.166576 1379.000000
-30.107576 1375.000000
-27.066366 1371.000000
-24.166275 1374.000000
-21.253815 1377.000000
-18.302422 1378.000000
-15.347394 1379.000000
-12.379524 1379.000000
-9.412543 1379.000000
-6.464702 1383.000000
-3.500209 1387.000000
-0.520676 1395.000000
2.494705 1404.000000
5.571435 1419.000000
8.718489 1435.000000
11.917061 1449.000000
15.185700 1464.000000
18.117649 1447.000000
20.961088 1429.000000
23.962292 1425.000000
26.964716 1422.000000
30.101557 1426.000000
33.255112 1430.000000
36.577560 1440.000000
39.942562 1450.000000
43.082676 1451.000000
46.258553 1453.000000
49.170582 1447.000000
52.092541 1442.000000
55.069134 1439.000000
58.032398 1436.000000
61.110012 1436.000000
64.231979 1437.000000
67.310684 1437.000000
70.438278 1438.000000
73.722939 1442.000000
77.024391 1446.000000
80.231812 1448.000000
83.447220 1450.000000
86.432076 1448.000000
89.469971 1447.000000
92.631042 1448.000000
95.796074 1449.000000
99.169655 1453.000000
102.560013 1457.000000
105.314468 1452.000000
108.047058 1447.000000
111.372513 1450.000000
114.710220 1453.000000
117.898445 1454.000000
121.090614 1455.000000
124.115982 1454.000000
127.311829 1455.000000
130.421738 1455.000000
133.531647 1455.000000
136.547180 1454.000000
139.558197 1453.000000
142.662903 1453.000000
145.867462 1454.000000
149.076050 1455.000000
152.288681 1456.000000
155.398621 1456.000000
158.617203 1457.000000
161.839569 1458.000000
165.292252 1461.000000
168.181290 1459.000000
171.061508 1457.000000
174.052414 1456.000000
177.038681 1455.000000
180.515823 1458.000000
184.005524 1461.000000
186.995361 1460.000000
189.980804 1459.000000
193.093994 1459.000000
196.206940 1459.000000
198.363464 1452.000000
200.628403 1446.000000
204.135681 1449.000000
207.655396 1452.000000
210.461960 1450.000000
213.406998 1449.000000
216.795807 1451.000000
220.193130 1453.000000
223.598404 1455.000000
227.323730 1459.000000
230.592041 1460.000000
233.864471 1461.000000
236.654358 1459.000000
239.435226 1457.000000
242.207458 1455.000000
244.970947 1453.000000
248.067108 1453.000000
251.336014 1454.000000
254.258759 1453.000000
257.354218 1453.000000
260.807831 1455.000000
264.451233 1458.000000
268.107086 1461.000000
271.961090 1465.000000
274.517517 1462.000000
277.060852 1459.000000
279.591125 1456.000000
282.302673 1454.000000
283.827423 1446.000000
285.318146 1438.000000
284.969452 1421.000000
284.750793 1405.000000
288.559845 1409.000000
292.592346 1414.000000
295.600739 1414.000000
298.819885 1415.000000
301.403015 1413.000000
304.192963 1412.000000
306.978088 1411.000000
309.978394 1411.000000
312.091095 1407.000000
228.417847 1020.000000
230.585999 1020.000000
212.783295 899.000000
216.125549 905.000000
755.095032 3134.000000
766.367859 3153.000000
788.263306 3215.000000
800.034424 3235.000000
820.120178 3288.000000
831.876892 3307.000000
849.040833 3347.000000
858.954590 3358.000000
869.688538 3372.000000
876.579468 3371.000000
883.465027 3370.000000
887.966309 3360.000000
769.083313 2887.000000
775.201721 2887.000000
3.573306 13.000000
3.600835 13.000000
625.473206 2241.000000
633.872070 2254.000000
642.325500 2267.000000
640.841919 2245.000000
638.976501 2222.000000
642.227356 2217.000000
645.163879 2211.000000
649.837524 2211.000000
0.592049 2.000000
0.596274 2.000000
26.722202 89.000000
27.212502 90.000000
38.972435 128.000000
39.242592 128.000000
4.630391 15.000000
4.662033 15.000000
4.693664 15.000000
4.725287 15.000000
15.168892 46.000000
15.265633 46.000000
1.127527 3.000000
1.133781 3.000000
7.220206 19.000000
7.259781 19.000000
1.152526 3.000000
1.158769 3.000000
0.392493 1.000000
0.394570 1.000000
11.899364 30.000000
12.360327 31.000000
262.920776 656.000000
267.100403 663.000000
498.478577 1231.000000
501.434174 1232.000000
543.663940 1329.000000
547.234985 1331.000000
566.101379 1370.000000
569.347046 1371.000000
572.177795 1371.000000
573.748962 1368.000000
576.570313 1368.000000
580.237244 1370.000000
578.378174 1359.000000
583.314575 1364.000000
589.129333 1371.000000
593.675781 1375.000000
607.781250 1401.000000
608.915527 1397.000000
601.273438 1373.000000
604.970337 1375.000000
550.325989 1245.000000
553.321228 1246.000000
422.927460 948.000000
422.627014 943.000000
445.265900 989.000000
445.478546 985.000000
492.012695 1083.000000
495.592957 1086.000000
443.260620 967.000000
444.311615 965.000000
246.956009 534.000000
248.043503 534.000000
118.500153 254.000000
119.016785 254.000000
128.474533 273.000000
129.501694 274.000000
160.436386 338.000000
162.075531 340.000000
202.019836 422.000000
203.836349 424.000000
157.866104 327.000000
159.012558 328.000000
69.127945 142.000000
68.926071 141.000000
314.148346 640.000000
315.932953 641.000000
610.696655 1234.000000
616.662231 1241.000000
622.654297 1248.000000
620.157104 1238.000000
617.618103 1228.000000
617.057007 1222.000000
616.470337 1216.000000
621.456604 1221.000000
626.461365 1226.000000
634.049438 1236.000000
642.190979 1247.000000
648.307068 1254.000000
654.968628 1262.000000
638.737122 1226.000000
621.313904 1188.000000
626.836731 1194.000000
632.382202 1200.000000
636.363159 1203.000000
640.885620 1207.000000
635.829102 1193.000000
631.250366 1180.000000
634.135620 1181.000000
637.562378 1183.000000
639.913818 1183.000000
642.806946 1184.000000
645.702454 1185.000000
648.053894 1185.000000
649.306030 1183.000000
650.549072 1181.000000
654.546875 1184.000000
659.110046 1188.000000
662.017517 1189.000000
664.368774 1189.000000
668.961792 1193.000000
674.132080 1198.000000
659.556946 1168.000000
644.861938 1138.000000
643.126221 1131.000000
641.361694 1124.000000
641.858643 1121.000000
642.342957 1118.000000
644.543823 1118.000000
647.322327 1119.000000
647.201355 1115.000000
647.646240 1112.000000
651.000305 1114.000000
654.947632 1117.000000
658.317322 1119.000000
661.104004 1120.000000
662.709290 1119.000000
664.904053 1119.000000
667.098083 1119.000000
669.889343 1120.000000
670.283569 1117.000000
671.267395 1115.000000
674.054810 1116.000000
439.313232 725.000000
446.811157 735.000000
644.015198 1056.000000
655.258179 1071.000000
771.514832 1257.000000
776.435486 1261.000000
783.224548 1268.000000
789.420715 1274.000000
796.883240 1282.000000
794.400024 1274.000000
788.132141 1260.000000
791.848633 1262.000000
769.766907 1223.000000
772.155945 1223.000000
