-1205.725220 1642.000000
-1203.259277 1644.000000
-1200.071777 1645.000000
-1193.988281 1642.000000
-1187.935303 1639.000000
-1184.079346 1639.000000
-1180.958618 1640.000000
-1174.258911 1636.000000
-1169.022583 1634.000000
-1164.521973 1633.000000
-1160.749634 1633.000000
-1156.989502 1633.000000
-1152.535034 1632.000000
-1150.208374 1634.000000
-1147.883423 1636.000000
-1142.762329 1634.000000
-1138.357544 1633.000000
-1134.661865 1633.000000
-1130.975586 1633.000000
-1126.608032 1632.000000
-1122.253540 1631.000000
-1118.597656 1631.000000
-1115.633301 1632.000000
-1113.353638 1634.000000
-1110.393066 1635.000000
-1104.050659 1631.000000
-1098.407593 1628.000000
-1094.801758 1628.000000
-1091.872314 1629.000000
-1082.932007 1621.000000
-1075.364380 1615.000000
-1072.474243 1616.000000
-1070.246460 1618.000000
-1068.015015 1620.000000
-1066.436523 1623.000000
-1064.849609 1626.000000
-1063.254028 1629.000000
-1055.144531 1622.000000
-1046.421021 1614.000000
-1044.197876 1616.000000
-1041.969727 1618.000000
-1039.736572 1620.000000
-1038.777222 1624.000000
-1035.891235 1625.000000
-1033.639282 1627.000000
-1029.482178 1626.000000
-1025.332153 1625.000000
-1018.673767 1620.000000
-1012.039307 1615.000000
-1006.677795 1612.000000
-1001.953857 1610.000000
-999.101013 1611.000000
-996.245667 1612.000000
-991.540405 1610.000000
-987.458984 1609.000000
-984.606567 1610.000000
-982.360779 1612.000000
-977.071289 1609.000000
-971.796265 1606.000000
-970.152710 1609.000000
-969.098145 1613.000000
-967.428711 1616.000000
-966.343689 1620.000000
-958.110046 1612.000000
-950.503540 1605.000000
-946.468018 1604.000000
-943.025391 1604.000000
-938.411438 1602.000000
-934.390137 1601.000000
-931.536438 1602.000000
-929.257935 1604.000000
-923.507690 1600.000000
-918.349792 1597.000000
-916.642212 1600.000000
-915.492249 1604.000000
-913.187927 1606.000000
-911.441223 1609.000000
-902.345337 1599.000000
-892.729797 1588.000000
-888.761414 1587.000000
-810.040955 1452.000000
-790.807434 1423.000000
-771.144348 1393.000000
-763.741150 1385.000000
-756.921204 1378.000000
-752.866455 1376.000000
-749.909607 1376.000000
-746.409241 1375.000000
-742.912659 1374.000000
-739.419495 1373.000000
-735.929932 1372.000000
-732.978210 1372.000000
-730.025635 1372.000000
-731.311707 1380.000000
-732.562439 1388.000000
-734.829102 1398.000000
-737.575195 1409.000000
-739.230286 1418.000000
-741.883972 1429.000000
-729.496033 1411.000000
-718.214355 1395.000000
-717.254517 1399.000000
-716.786865 1404.000000
-719.855164 1416.000000
-722.870544 1428.000000
-733.393799 1455.000000
-744.802856 1484.000000
-753.086914 1507.000000
-762.762939 1533.000000
-765.389526 1545.000000
-768.456177 1558.000000
-768.027832 1564.000000
-767.572021 1570.000000
-767.088989 1576.000000
-766.578491 1582.000000
-763.628662 1583.000000
-761.153442 1585.000000
-757.233826 1584.000000
-754.269104 1585.000000
-747.982666 1579.000000
-742.192444 1574.000000
-739.708130 1576.000000
-737.680847 1579.000000
-734.709229 1580.000000
-732.194580 1582.000000
-728.748718 1582.000000
-725.759827 1583.000000
-724.134155 1587.000000
-722.489624 1591.000000
-722.182129 1598.000000
-722.292358 1606.000000
-725.051758 1620.000000
-727.748596 1634.000000
-725.950989 1638.000000
-724.134521 1642.000000
-721.421570 1644.000000
-719.135132 1647.000000
-719.440918 1656.000000
-719.705994 1665.000000
-719.070190 1672.000000
-718.402405 1679.000000
-707.060425 1661.000000
-695.796204 1643.000000
-678.711426 1611.000000
-656.736572 1567.000000
-654.548401 1570.000000
-652.760681 1574.000000
-654.254395 1586.000000
-656.104431 1599.000000
-654.223267 1603.000000
-651.917419 1606.000000
-647.174927 1603.000000
-640.838501 1596.000000
-638.924438 1600.000000
-637.388794 1605.000000
-636.225098 1611.000000
-635.426758 1618.000000
-634.987000 1626.000000
-634.899414 1635.000000
-633.999023 1642.000000
-634.602417 1653.000000
-632.484558 1657.000000
-629.209656 1658.000000
-627.061279 1662.000000
-626.019775 1669.000000
-623.455017 1672.000000
-619.022827 1670.000000
-617.546387 1676.000000
-617.507690 1686.000000
-614.511841 1688.000000
-610.059021 1686.000000
-607.412476 1689.000000
-602.607544 1686.000000
-600.301636 1690.000000
-271.454956 769.000000
-269.754669 769.000000
-435.718628 1250.000000
-432.261230 1248.000000
-502.804749 1461.000000
-500.940521 1465.000000
-499.397766 1470.000000
-497.494965 1474.000000
-495.909393 1479.000000
-492.635925 1479.000000
-489.693176 1480.000000
-486.417023 1480.000000
-483.140594 1480.000000
-478.242767 1475.000000
-473.688843 1471.000000
-468.193115 1464.000000
-463.045715 1458.000000
-460.447845 1460.000000
-458.154205 1463.000000
-455.536102 1465.000000
-452.909088 1467.000000
-449.966797 1468.000000
-447.019928 1469.000000
-442.558228 1465.000000
-438.414032 1462.000000
-434.283325 1459.000000
-430.461304 1457.000000
-427.821167 1459.000000
-425.463226 1462.000000
-422.225800 1462.000000
-418.988464 1462.000000
-416.320099 1464.000000
-413.925232 1467.000000
-410.677399 1467.000000
-407.429718 1467.000000
-404.733459 1469.000000
-402.028442 1471.000000
-398.772827 1471.000000
-395.517426 1471.000000
-390.929016 1466.000000
-386.363129 1461.000000
-382.868713 1460.000000
-379.639038 1460.000000
-376.925415 1462.000000
-374.203247 1464.000000
-370.459229 1462.000000
-366.975677 1461.000000
-363.994843 1462.000000
-361.010162 1463.000000
-358.755096 1467.000000
-356.240570 1470.000000
-352.032410 1466.000000
-347.842468 1462.000000
-345.320709 1465.000000
-342.786224 1468.000000
-340.007843 1470.000000
-337.450317 1473.000000
-333.065033 1468.000000
-328.702484 1463.000000
-324.807526 1460.000000
-321.146759 1458.000000
-318.149628 1459.000000
-315.148712 1460.000000
-312.571411 1463.000000
-310.193024 1467.000000
-304.659058 1456.000000
-299.174286 1445.000000
-297.016052 1450.000000
-295.039215 1456.000000
-292.435272 1459.000000
-289.819061 1462.000000
-286.014069 1459.000000
-282.223175 1456.000000
-279.595856 1459.000000
-277.145721 1463.000000
-273.368103 1460.000000
-269.974579 1459.000000
-266.951843 1460.000000
-264.106262 1462.000000
-260.895752 1462.000000
-257.862396 1463.000000
-254.651398 1463.000000
-251.613159 1464.000000
-248.401611 1464.000000
-245.358490 1465.000000
-241.154724 1459.000000
-237.304367 1455.000000
-234.598785 1458.000000
-231.880814 1461.000000
-228.681168 1461.000000
-225.636520 1462.000000
-222.892853 1465.000000
-220.286758 1469.000000
-216.481979 1465.000000
-212.841110 1462.000000
-210.504852 1468.000000
-208.143311 1474.000000
-203.810074 1466.000000
-199.375778 1457.000000
-196.462967 1459.000000
-193.409760 1460.000000
-189.310883 1453.000000
-185.243408 1446.000000
-183.096268 1454.000000
-180.915024 1462.000000
-177.970581 1464.000000
-175.137558 1467.000000
-171.940704 1467.000000
-168.974930 1469.000000
-164.647079 1459.000000
-160.363724 1449.000000
-157.318161 1450.000000
-154.162811 1450.000000
-151.320801 1453.000000
-148.466705 1456.000000
-145.500458 1458.000000
-142.624130 1461.000000
-139.162949 1458.000000
-135.808914 1456.000000
-132.828857 1458.000000
-129.752060 1459.000000
-126.671730 1460.000000
-123.587959 1461.000000
-120.335808 1460.000000
-117.088829 1459.000000
-113.847183 1458.000000
-110.610565 1457.000000
-107.084114 1452.000000
-103.580154 1447.000000
-100.376396 1446.000000
-97.244972 1446.000000
-94.114418 1446.000000
-91.047493 1447.000000
-88.037857 1449.000000
-85.078987 1452.000000
-81.938591 1452.000000
-78.798965 1452.000000
-75.816422 1455.000000
-72.771774 1457.000000
-69.910393 1463.000000
-67.023727 1469.000000
-63.459988 1460.000000
-59.935936 1451.000000
-56.842926 1452.000000
-53.746181 1453.000000
-50.541443 1451.000000
-47.346146 1449.000000
-44.282024 1451.000000
-41.238567 1454.000000
-38.025520 1451.000000
-34.850159 1449.000000
-31.727911 1449.000000
-28.606247 1449.000000
-25.502983 1450.000000
-22.395994 1451.000000
-19.258717 1450.000000
-16.126450 1449.000000
-13.043836 1453.000000
-9.951768 1458.000000
-6.796585 1454.000000
-3.661718 1451.000000
-0.540458 1448.000000
2.569333 1446.000000
5.693151 1450.000000
8.833925 1454.000000
11.966407 1455.000000
15.113091 1457.000000
18.230335 1456.000000
21.357134 1456.000000
24.466761 1455.000000
27.571516 1454.000000
30.523739 1446.000000
33.441154 1438.000000
36.806168 1449.000000
40.245575 1461.000000
43.409286 1462.000000
46.608753 1464.000000
49.510391 1457.000000
52.417667 1451.000000
55.375286 1447.000000
58.315285 1443.000000
61.407902 1443.000000
64.544868 1444.000000
67.638573 1444.000000
70.781166 1445.000000
74.029686 1448.000000
77.343994 1452.000000
80.564270 1454.000000
83.792519 1456.000000
86.790222 1454.000000
89.840958 1453.000000
92.950897 1453.000000
96.126633 1454.000000
99.442657 1457.000000
102.841576 1461.000000
105.604591 1456.000000
108.420410 1452.000000
111.833366 1456.000000
115.183899 1459.000000
118.384964 1460.000000
121.589951 1461.000000
124.628159 1460.000000
127.749329 1460.000000
130.869919 1460.000000
133.990524 1460.000000
137.016739 1459.000000
140.134491 1459.000000
143.252014 1459.000000
146.469391 1460.000000
149.690796 1461.000000
152.916245 1462.000000
156.038986 1462.000000
159.161530 1462.000000
162.394577 1463.000000
165.744797 1465.000000
168.642380 1463.000000
171.648544 1462.000000
174.650131 1461.000000
177.647064 1460.000000
181.134872 1463.000000
184.635239 1466.000000
187.507675 1464.000000
190.501663 1463.000000
193.755722 1464.000000
197.013824 1465.000000
199.183151 1458.000000
201.322144 1451.000000
204.840088 1454.000000
208.370453 1457.000000
211.042557 1454.000000
213.848831 1452.000000
217.244049 1454.000000
220.799316 1457.000000
224.366791 1460.000000
227.946960 1463.000000
231.223801 1464.000000
234.504761 1465.000000
237.303162 1463.000000
240.092560 1461.000000
242.873322 1459.000000
245.645340 1457.000000
248.750015 1457.000000
252.027451 1458.000000
254.958710 1457.000000
258.062683 1457.000000
261.524841 1459.000000
264.995361 1461.000000
268.841125 1465.000000
272.703644 1469.000000
275.268585 1466.000000
277.820435 1463.000000
280.551239 1461.000000
283.273468 1459.000000
284.416290 1449.000000
285.516541 1439.000000
285.571075 1424.000000
285.561493 1409.000000
288.969452 1411.000000
292.592346 1414.000000
295.600739 1414.000000
298.819885 1415.000000
301.829620 1415.000000
304.839264 1415.000000
307.848328 1415.000000
311.076813 1416.000000
312.534698 1409.000000
267.607178 1195.000000
270.147308 1195.000000
137.279556 580.000000
139.466660 584.000000
746.180359 3097.000000
757.131592 3115.000000
781.398193 3187.000000
792.862549 3206.000000
810.891357 3251.000000
823.072632 3272.000000
841.177002 3316.000000
851.025024 3327.000000
861.693176 3341.000000
868.778381 3341.000000
875.862488 3341.000000
880.566589 3332.000000
786.665405 2953.000000
792.923706 2953.000000
2.748697 10.000000
2.769873 10.000000
623.798584 2235.000000
631.903564 2247.000000
640.058838 2259.000000
639.129211 2239.000000
637.826233 2218.000000
639.909912 2209.000000
641.662292 2199.000000
646.310608 2199.000000
0.888073 3.000000
0.894411 3.000000
36.630436 122.000000
36.888058 122.000000
45.061878 148.000000
45.374249 148.000000
4.939084 16.000000
4.972835 16.000000
5.006575 16.000000
5.040306 16.000000
22.093821 67.000000
22.234726 67.000000
3.006739 8.000000
3.023417 8.000000
11.780336 31.000000
11.844906 31.000000
5.378457 14.000000
5.407590 14.000000
0.784986 2.000000
0.789139 2.000000
13.882591 35.000000
13.955208 35.000000
317.428741 792.000000
322.695953 801.000000
534.922974 1321.000000
537.657898 1321.000000
560.027039 1369.000000
562.858521 1369.000000
571.473145 1383.000000
574.330444 1383.000000
580.942017 1392.000000
582.975891 1390.000000
578.677673 1373.000000
581.931396 1374.000000
586.889954 1379.000000
591.012268 1382.000000
596.434387 1388.000000
601.015747 1392.000000
610.384155 1407.000000
612.838379 1406.000000
613.097412 1400.000000
615.969788 1400.000000
579.499878 1311.000000
583.074402 1313.000000
461.740448 1035.000000
461.618042 1030.000000
470.027924 1044.000000
469.900726 1039.000000
503.370331 1108.000000
507.001617 1111.000000
468.013550 1021.000000
469.174652 1019.000000
279.328522 604.000000
280.094055 603.000000
154.889954 332.000000
156.033813 333.000000
171.769974 365.000000
172.984024 366.000000
187.966888 396.000000
189.723709 398.000000
247.019516 516.000000
249.026489 518.000000
199.384399 413.000000
200.704880 414.000000
124.625023 256.000000
125.142372 256.000000
360.779755 735.000000
363.248962 737.000000
611.686462 1236.000000
617.656067 1243.000000
623.652161 1250.000000
621.158997 1240.000000
618.623962 1230.000000
617.562012 1223.000000
616.977356 1217.000000
621.965576 1222.000000
626.972351 1227.000000
635.588379 1239.000000
644.250977 1251.000000
650.892029 1259.000000
658.082581 1268.000000
640.821045 1230.000000
623.405823 1192.000000
627.886719 1196.000000
633.436157 1202.000000
637.421143 1205.000000
642.478516 1210.000000
637.427979 1196.000000
632.320251 1182.000000
635.209534 1183.000000
638.640259 1185.000000
640.995667 1185.000000
643.892761 1186.000000
646.792236 1187.000000
649.147705 1187.000000
649.854919 1184.000000
650.549072 1181.000000
655.099670 1185.000000
659.664856 1189.000000
663.687866 1192.000000
667.721375 1195.000000
672.326233 1199.000000
677.508362 1204.000000
662.945068 1174.000000
648.828613 1145.000000
645.969421 1136.000000
643.644104 1128.000000
643.576416 1124.000000
643.492065 1120.000000
646.273376 1121.000000
649.057800 1122.000000
648.942688 1118.000000
648.811096 1114.000000
652.169067 1116.000000
656.120361 1119.000000
658.905640 1120.000000
662.284546 1122.000000
663.301514 1120.000000
665.498230 1120.000000
667.694214 1120.000000
670.487427 1121.000000
671.483704 1119.000000
672.471436 1117.000000
674.658813 1117.000000
424.164490 700.000000
431.005585 709.000000
664.140686 1089.000000
676.059998 1105.000000
773.969910 1261.000000
779.514160 1266.000000
786.312988 1273.000000
791.899292 1278.000000
799.991211 1287.000000
796.894165 1278.000000
789.383118 1262.000000
792.476135 1263.000000
781.725647 1242.000000
784.151855 1242.000000
