-1978.917480 2782.000000
-1960.060181 2768.000000
-458.191406 650.000000
-11.227451 16.000000
-44.007492 63.000000
-199.567551 287.000000
-960.763184 1388.000000
-1280.919678 1859.000000
-1250.378418 1823.000000
-682.070313 999.000000
-33.301590 49.000000
-32.472183 48.000000
-62.625443 93.000000
-253.368835 378.000000
-850.002380 1274.000000
-1674.869263 2522.000000
-1838.965942 2782.000000
-1828.442139 2779.000000
-1819.266846 2778.000000
-1810.769287 2778.000000
-1802.290771 2778.000000
-1793.831299 2778.000000
-1785.390137 2778.000000
-1776.967041 2778.000000
-1768.561768 2778.000000
-1760.173706 2778.000000
-1751.802490 2778.000000
-1743.447998 2778.000000
-1735.109741 2778.000000
-1726.787109 2778.000000
-1718.480103 2778.000000
-1710.188477 2778.000000
-1701.299072 2777.000000
-1693.039917 2777.000000
-1684.794678 2777.000000
-1675.959961 2776.000000
-1665.943115 2773.000000
-1655.359497 2769.000000
-1645.407715 2766.000000
-1639.629761 2770.000000
-1634.429810 2775.000000
-1627.454712 2777.000000
-1619.896729 2778.000000
-1611.764771 2778.000000
-1604.221313 2779.000000
-1595.534912 2778.000000
-1588.007935 2779.000000
-1579.917969 2779.000000
-1571.838379 2779.000000
-1563.769287 2779.000000
-1555.710327 2779.000000
-1547.661499 2779.000000
-1541.284424 2782.000000
-1533.246094 2782.000000
-1525.765503 2783.000000
-1517.743286 2783.000000
-1509.729736 2783.000000
-1501.725098 2783.000000
-1493.729248 2783.000000
-1485.741821 2783.000000
-1477.762573 2783.000000
-1469.791748 2783.000000
-1462.353760 2784.000000
-1453.873291 2783.000000
-900.391357 1733.000000
-892.863281 1728.000000
-889.479187 1731.000000
-884.038452 1730.000000
-879.624023 1731.000000
-874.197510 1730.000000
-869.785828 1731.000000
-864.373413 1730.000000
-859.467346 1730.000000
-854.071167 1729.000000
-849.666748 1730.000000
-844.283813 1729.000000
-839.395691 1729.000000
-834.028381 1728.000000
-829.150146 1728.000000
-824.275330 1728.000000
-819.403809 1728.000000
-814.064148 1727.000000
-809.201904 1727.000000
-804.342712 1727.000000
-799.023804 1726.000000
-794.173462 1726.000000
-789.326050 1726.000000
-784.027100 1725.000000
-779.188110 1725.000000
-774.351807 1725.000000
-769.518188 1725.000000
-764.687195 1725.000000
-759.858826 1725.000000
-754.595032 1724.000000
-749.774231 1724.000000
-744.955811 1724.000000
-739.710205 1723.000000
-734.899048 1723.000000
-730.090088 1723.000000
-724.862366 1722.000000
-720.060364 1722.000000
-715.260376 1722.000000
-710.462402 1722.000000
-705.666321 1722.000000
-700.872131 1722.000000
-696.079773 1722.000000
-691.690674 1723.000000
-686.500305 1722.000000
-681.713135 1722.000000
-676.927612 1722.000000
-672.143677 1722.000000
-666.973755 1721.000000
-662.580444 1722.000000
-657.419067 1721.000000
-653.023132 1722.000000
-648.246582 1722.000000
-643.471313 1722.000000
-638.697449 1722.000000
-633.924805 1722.000000
-628.788025 1721.000000
-624.020569 1721.000000
-619.254395 1721.000000
-614.846313 1722.000000
-610.079407 1722.000000
-605.313782 1722.000000
-600.549072 1722.000000
-595.785400 1722.000000
-591.022705 1722.000000
-585.920471 1721.000000
-581.162476 1721.000000
-576.405151 1721.000000
-571.648743 1721.000000
-567.222656 1722.000000
-562.465088 1722.000000
-557.708313 1722.000000
-552.952271 1722.000000
-548.197021 1722.000000
-543.442444 1722.000000
-538.375610 1721.000000
-533.625061 1721.000000
-528.875183 1721.000000
-524.125793 1721.000000
-519.377014 1721.000000
-514.927795 1722.000000
-509.881104 1721.000000
-505.133881 1721.000000
-500.387207 1721.000000
-495.640930 1721.000000
-490.895142 1721.000000
-486.149750 1721.000000
-481.684540 1722.000000
-476.937134 1722.000000
-472.190186 1722.000000
-467.443542 1722.000000
-462.697327 1722.000000
-457.951324 1722.000000
-453.205627 1722.000000
-448.720703 1723.000000
-443.715210 1722.000000
-438.970337 1722.000000
-434.225769 1722.000000
-429.481354 1722.000000
-424.737213 1722.000000
-420.237244 1723.000000
-415.249603 1722.000000
-410.505981 1722.000000
-405.762604 1722.000000
-401.019379 1722.000000
-396.276215 1722.000000
-391.760651 1723.000000
-387.015045 1723.000000
-382.491455 1724.000000
-377.743378 1724.000000
-372.995300 1724.000000
-368.247375 1724.000000
-363.499512 1724.000000
-358.751740 1724.000000
-354.004059 1724.000000
-349.256348 1724.000000
-344.508789 1724.000000
-339.761169 1724.000000
-335.013702 1724.000000
-330.266205 1724.000000
-325.707520 1725.000000
-320.957306 1725.000000
-316.207153 1725.000000
-311.456940 1725.000000
-306.706787 1725.000000
-301.781555 1724.000000
-297.206482 1725.000000
-292.286682 1724.000000
-287.706055 1725.000000
-282.791809 1724.000000
-278.205658 1725.000000
-273.296936 1724.000000
-268.549347 1724.000000
-263.801910 1724.000000
-259.054321 1724.000000
-254.306778 1724.000000
-249.559143 1724.000000
-244.811508 1724.000000
-240.203140 1725.000000
-235.316193 1724.000000
-230.568497 1724.000000
-225.820786 1724.000000
-221.073029 1724.000000
-216.325180 1724.000000
-211.577393 1724.000000
-206.829544 1724.000000
-201.964478 1723.000000
-197.219299 1723.000000
-192.474136 1723.000000
-187.728958 1723.000000
-183.089920 1724.000000
-178.238464 1723.000000
-173.493240 1723.000000
-168.650040 1722.000000
-164.002747 1723.000000
-159.164993 1722.000000
-154.512192 1723.000000
-149.679947 1722.000000
-144.937454 1722.000000
-140.194885 1722.000000
-135.531052 1723.000000
-130.709915 1722.000000
-125.967430 1722.000000
-121.224930 1722.000000
-116.482437 1722.000000
-111.675133 1721.000000
-106.997620 1722.000000
-102.255280 1722.000000
-97.512932 1722.000000
-92.716797 1721.000000
-87.977272 1721.000000
-83.237839 1721.000000
-78.544083 1722.000000
-73.802048 1722.000000
-69.100105 1723.000000
-64.355446 1723.000000
-59.610802 1723.000000
-54.866295 1723.000000
-50.121796 1723.000000
-45.377441 1723.000000
-40.633232 1723.000000
-35.868202 1722.000000
-31.126896 1722.000000
-26.385736 1722.000000
-21.644657 1722.000000
-16.903723 1722.000000
-12.162937 1722.000000
-7.422225 1722.000000
-2.681662 1722.000000
2.058754 1722.000000
6.798947 1722.000000
11.532366 1721.000000
16.279037 1722.000000
21.006580 1721.000000
25.743429 1721.000000
30.480129 1721.000000
35.196075 1720.000000
39.929722 1720.000000
44.663082 1720.000000
49.367420 1719.000000
54.097584 1719.000000
58.793369 1718.000000
63.483509 1717.000000
68.128128 1715.000000
72.718971 1712.000000
76.976563 1702.000000
64.679321 1275.000000
67.437698 1261.000000
70.512459 1254.000000
73.961456 1254.000000
77.410248 1254.000000
80.858826 1254.000000
84.307182 1254.000000
87.755432 1254.000000
91.276199 1255.000000
94.726662 1255.000000
98.177017 1255.000000
101.627151 1255.000000
105.077072 1255.000000
108.526764 1255.000000
111.976257 1255.000000
115.425537 1255.000000
118.874588 1255.000000
122.323425 1255.000000
125.872276 1256.000000
129.323318 1256.000000
132.668549 1255.000000
136.116425 1255.000000
139.564178 1255.000000
143.011612 1255.000000
146.575546 1256.000000
150.025177 1256.000000
153.474716 1256.000000
156.923935 1256.000000
160.372925 1256.000000
163.821701 1256.000000
167.270264 1256.000000
170.718491 1256.000000
174.166534 1256.000000
177.614334 1256.000000
181.061935 1256.000000
184.509293 1256.000000
187.956345 1256.000000
191.403198 1256.000000
194.849808 1256.000000
198.453979 1257.000000
201.902908 1257.000000
205.351517 1257.000000
208.633789 1256.000000
212.248077 1257.000000
215.696030 1257.000000
218.969330 1256.000000
222.591202 1257.000000
226.038391 1257.000000
229.485489 1257.000000
232.932251 1257.000000
236.378906 1257.000000
240.016022 1258.000000
243.464905 1258.000000
246.913635 1258.000000
250.362183 1258.000000
253.810516 1258.000000
257.258606 1258.000000
260.913727 1259.000000
264.154266 1258.000000
267.601837 1258.000000
271.049194 1258.000000
274.278229 1257.000000
277.722504 1257.000000
281.390350 1258.000000
284.837067 1258.000000
288.512787 1259.000000
291.962006 1259.000000
295.411133 1259.000000
298.860046 1259.000000
302.068787 1258.000000
305.757599 1259.000000
308.960571 1258.000000
312.406403 1258.000000
315.852112 1258.000000
319.551544 1259.000000
322.743347 1258.000000
326.448151 1259.000000
329.634247 1258.000000
333.344452 1259.000000
336.792572 1259.000000
340.240662 1259.000000
343.688843 1259.000000
347.412689 1260.000000
350.585114 1259.000000
354.033234 1259.000000
357.481506 1259.000000
360.929718 1259.000000
364.378052 1259.000000
367.826538 1259.000000
371.274994 1259.000000
374.723572 1259.000000
378.172363 1259.000000
381.621277 1259.000000
385.070221 1259.000000
388.519501 1259.000000
391.968811 1259.000000
395.418335 1259.000000
398.868225 1259.000000
402.318176 1259.000000
405.768402 1259.000000
409.219025 1259.000000
412.997528 1260.000000
419.905579 1260.000000
423.360016 1260.000000
426.814911 1260.000000
430.270233 1260.000000
433.725800 1260.000000
437.181854 1260.000000
440.988068 1261.000000
444.447754 1261.000000
447.907990 1261.000000
451.368622 1261.000000
455.190552 1262.000000
458.655060 1262.000000
462.120056 1262.000000
465.585785 1262.000000
469.052124 1262.000000
472.893555 1263.000000
475.986725 1262.000000
479.834930 1263.000000
483.689453 1264.000000
487.550140 1265.000000
490.640808 1264.000000
494.117645 1264.000000
497.595428 1264.000000
501.074005 1264.000000
504.553497 1264.000000
508.033905 1264.000000
511.919983 1265.000000
515.405090 1265.000000
519.301453 1266.000000
522.791382 1266.000000
526.282471 1266.000000
529.774658 1266.000000
533.267944 1266.000000
537.186401 1267.000000
540.684937 1267.000000
544.614258 1268.000000
548.118103 1268.000000
551.623169 1268.000000
555.129822 1268.000000
558.637695 1268.000000
562.147095 1268.000000
565.658081 1268.000000
569.170471 1268.000000
573.136108 1269.000000
576.654541 1269.000000
580.631775 1270.000000
583.696411 1269.000000
587.682617 1270.000000
591.210693 1270.000000
595.208923 1271.000000
598.743591 1271.000000
602.280151 1271.000000
605.818665 1271.000000
609.359253 1271.000000
612.901917 1271.000000
616.446777 1271.000000
619.993774 1271.000000
624.033630 1272.000000
627.094543 1271.000000
631.144653 1272.000000
634.204834 1271.000000
637.763550 1271.000000
640.820251 1270.000000
643.873962 1269.000000
646.414612 1267.000000
649.459595 1266.000000
651.985901 1264.000000
655.022339 1263.000000
659.099060 1264.000000
658.990234 1257.000000
660.953247 1254.000000
665.021973 1255.000000
676.557617 1270.000000
691.930054 1292.000000
695.586060 1292.000000
687.880005 1271.000000
684.954895 1259.000000
686.340088 1255.000000
693.753357 1262.000000
704.525269 1275.000000
723.706238 1303.000000
736.351501 1319.000000
747.408813 1332.000000
761.364258 1350.000000
773.159668 1364.000000
779.342773 1368.000000
783.263123 1368.000000
787.763672 1369.000000
793.431274 1372.000000
797.958801 1373.000000
802.497070 1374.000000
805.285400 1372.000000
808.067566 1370.000000
810.843445 1368.000000
814.804504 1368.000000
819.968140 1370.000000
826.953308 1375.000000
830.951965 1375.000000
834.349121 1374.000000
837.136597 1372.000000
839.918518 1370.000000
842.694946 1368.000000
845.466370 1366.000000
848.232544 1364.000000
850.993774 1362.000000
853.750244 1360.000000
855.870972 1357.000000
858.614929 1355.000000
860.080994 1351.000000
851.297363 1331.000000
858.466431 1336.000000
870.837402 1349.000000
877.457092 1353.000000
882.154114 1354.000000
886.210815 1354.000000
888.961182 1352.000000
891.047424 1349.000000
892.461060 1345.000000
893.192810 1340.000000
895.242737 1337.000000
896.611206 1333.000000
897.964966 1329.000000
899.303833 1325.000000
900.628174 1321.000000
901.938232 1317.000000
903.921875 1314.000000
905.206421 1310.000000
906.477051 1306.000000
908.431152 1303.000000
909.677368 1299.000000
911.613464 1296.000000
912.129517 1291.000000
914.045349 1288.000000
915.241577 1284.000000
917.140991 1281.000000
919.034180 1278.000000
920.921143 1275.000000
