-1978.917480 2782.000000
-1967.141235 2778.000000
-556.878784 790.000000
-16.841177 24.000000
-55.183998 79.000000
-231.553986 333.000000
-917.847229 1326.000000
-1257.492432 1825.000000
-1261.352661 1839.000000
-759.904175 1113.000000
-107.380630 158.000000
-8.794550 13.000000
-66.665794 99.000000
-241.973938 361.000000
-920.724731 1380.000000
-1656.938477 2495.000000
-1838.304932 2781.000000
-1828.442139 2779.000000
-1819.266846 2778.000000
-1810.769287 2778.000000
-1802.290771 2778.000000
-1793.831299 2778.000000
-1785.390137 2778.000000
-1776.967041 2778.000000
-1768.561768 2778.000000
-1760.173706 2778.000000
-1751.802490 2778.000000
-1743.447998 2778.000000
-1735.109741 2778.000000
-1726.787109 2778.000000
-1718.480103 2778.000000
-1710.188477 2778.000000
-1701.911743 2778.000000
-1693.039917 2777.000000
-1685.401367 2778.000000
-1675.959961 2776.000000
-1666.543945 2774.000000
-1655.359497 2769.000000
-1645.407715 2766.000000
-1639.629761 2770.000000
-1635.018799 2776.000000
-1628.040771 2778.000000
-1619.896729 2778.000000
-1611.764771 2778.000000
-1604.221313 2779.000000
-1596.109253 2779.000000
-1588.579468 2780.000000
-1580.486450 2780.000000
-1572.403931 2780.000000
-1564.331909 2780.000000
-1556.270142 2780.000000
-1548.218384 2780.000000
-1541.838379 2783.000000
-1533.246094 2782.000000
-1526.313843 2784.000000
-1517.743286 2783.000000
-1510.272217 2784.000000
-1501.725098 2783.000000
-1494.265991 2784.000000
-1486.275635 2784.000000
-1478.293579 2784.000000
-1470.319824 2784.000000
-1462.879028 2785.000000
-1453.873291 2783.000000
-900.910889 1734.000000
-892.863281 1728.000000
-889.479187 1731.000000
-884.549438 1731.000000
-879.624023 1731.000000
-874.702820 1731.000000
-869.785828 1731.000000
-864.873108 1731.000000
-859.964172 1731.000000
-855.059082 1731.000000
-850.157898 1731.000000
-844.772095 1730.000000
-839.881165 1730.000000
-834.510986 1729.000000
-829.629944 1729.000000
-824.752380 1729.000000
-819.877991 1729.000000
-814.535522 1728.000000
-809.670471 1728.000000
-804.342712 1727.000000
-799.486755 1727.000000
-794.633545 1727.000000
-789.326050 1726.000000
-784.481567 1726.000000
-779.639832 1726.000000
-774.800720 1726.000000
-769.964294 1726.000000
-765.130493 1726.000000
-760.299316 1726.000000
-755.032715 1725.000000
-750.209106 1725.000000
-744.955811 1724.000000
-740.139526 1724.000000
-735.325562 1724.000000
-730.090088 1723.000000
-725.283264 1723.000000
-720.478516 1723.000000
-715.675720 1723.000000
-711.287537 1724.000000
-706.485901 1724.000000
-701.686157 1724.000000
-696.888184 1724.000000
-691.690674 1723.000000
-686.898987 1723.000000
-682.109009 1723.000000
-677.320679 1723.000000
-672.534058 1723.000000
-667.361267 1722.000000
-662.965210 1723.000000
-658.183044 1723.000000
-653.402344 1723.000000
-648.622986 1723.000000
-643.844971 1723.000000
-639.068359 1723.000000
-634.292908 1723.000000
-629.153381 1722.000000
-624.383118 1722.000000
-619.614197 1722.000000
-615.203369 1723.000000
-610.433716 1723.000000
-605.665283 1723.000000
-600.897827 1723.000000
-596.131409 1723.000000
-591.365906 1723.000000
-586.601379 1723.000000
-581.500122 1722.000000
-576.740051 1722.000000
-571.980896 1722.000000
-567.552002 1723.000000
-562.791748 1723.000000
-558.032166 1723.000000
-553.273376 1723.000000
-548.197021 1722.000000
-543.442444 1722.000000
-538.688416 1722.000000
-533.935120 1722.000000
-529.182434 1722.000000
-524.430359 1722.000000
-519.678772 1722.000000
-514.927795 1722.000000
-510.177368 1722.000000
-505.427399 1722.000000
-500.968719 1723.000000
-495.928925 1722.000000
-491.180389 1722.000000
-486.432220 1722.000000
-481.964264 1723.000000
-477.214111 1723.000000
-472.464386 1723.000000
-467.714996 1723.000000
-462.966003 1723.000000
-458.217285 1723.000000
-453.731995 1724.000000
-448.981140 1724.000000
-443.972900 1723.000000
-439.225281 1723.000000
-434.477936 1723.000000
-429.980164 1724.000000
-425.230499 1724.000000
-420.481140 1724.000000
-415.731873 1724.000000
-410.982758 1724.000000
-405.998260 1723.000000
-401.252258 1723.000000
-396.736450 1724.000000
-391.988007 1724.000000
-387.464294 1725.000000
-382.713318 1725.000000
-377.962463 1725.000000
-373.428009 1726.000000
-368.674561 1726.000000
-363.921204 1726.000000
-358.959839 1725.000000
-354.414734 1726.000000
-349.458954 1725.000000
-344.908447 1726.000000
-340.155334 1726.000000
-335.402344 1726.000000
-330.649353 1726.000000
-325.896362 1726.000000
-321.143372 1726.000000
-316.390472 1726.000000
-311.637482 1726.000000
-306.884583 1726.000000
-302.131653 1726.000000
-297.378754 1726.000000
-292.625763 1726.000000
-287.872833 1726.000000
-282.955841 1725.000000
-278.366943 1726.000000
-273.455475 1725.000000
-268.705109 1725.000000
-263.954926 1725.000000
-259.204590 1725.000000
-254.454285 1725.000000
-249.848663 1726.000000
-244.953522 1725.000000
-240.342392 1726.000000
-235.589188 1726.000000
-230.702240 1725.000000
-225.951767 1725.000000
-221.201263 1725.000000
-216.450653 1725.000000
-211.700119 1725.000000
-206.949524 1725.000000
-202.198914 1725.000000
-197.448227 1725.000000
-192.697556 1725.000000
-187.946869 1725.000000
-183.196121 1725.000000
-178.445358 1725.000000
-173.694626 1725.000000
-168.845917 1724.000000
-164.193115 1725.000000
-159.349854 1724.000000
-154.691544 1725.000000
-149.853790 1724.000000
-145.105789 1724.000000
-140.357712 1724.000000
-135.609711 1724.000000
-130.861725 1724.000000
-126.113731 1724.000000
-121.365730 1724.000000
-116.617722 1724.000000
-111.804909 1723.000000
-107.121887 1724.000000
-102.374046 1724.000000
-97.569565 1723.000000
-92.824539 1723.000000
-88.079514 1723.000000
-83.334572 1723.000000
-78.589691 1723.000000
-73.844910 1723.000000
-69.100105 1723.000000
-64.355446 1723.000000
-59.645401 1724.000000
-54.898140 1724.000000
-50.150883 1724.000000
-45.403778 1724.000000
-40.656818 1724.000000
-35.909863 1724.000000
-31.163048 1724.000000
-26.416382 1724.000000
-21.669796 1724.000000
-16.923355 1724.000000
-12.177064 1724.000000
-7.426536 1723.000000
-2.684777 1724.000000
2.061145 1724.000000
6.806844 1724.000000
11.552468 1724.000000
16.288492 1723.000000
21.030993 1723.000000
25.773346 1723.000000
30.497839 1722.000000
35.237000 1722.000000
39.952938 1721.000000
44.689049 1721.000000
49.396137 1720.000000
54.097584 1719.000000
58.724926 1716.000000
63.150745 1708.000000
62.312344 1467.000000
65.579330 1450.000000
69.184334 1442.000000
73.151047 1442.000000
77.117493 1442.000000
81.083702 1442.000000
85.049774 1442.000000
89.015617 1442.000000
92.981201 1442.000000
97.013763 1443.000000
100.981735 1443.000000
104.949448 1443.000000
108.916786 1443.000000
112.884010 1443.000000
116.850975 1443.000000
120.901428 1444.000000
124.870636 1444.000000
128.839615 1444.000000
132.808350 1444.000000
136.871536 1445.000000
140.842514 1445.000000
144.813248 1445.000000
148.783600 1445.000000
152.753815 1445.000000
156.615234 1444.000000
160.693420 1445.000000
164.662781 1445.000000
168.748596 1446.000000
172.720078 1446.000000
176.813629 1447.000000
180.662430 1446.000000
184.760834 1447.000000
188.734085 1447.000000
192.707062 1447.000000
196.679657 1447.000000
200.790710 1448.000000
204.765564 1448.000000
208.740204 1448.000000
212.714539 1448.000000
216.688538 1448.000000
220.662292 1448.000000
224.790894 1449.000000
228.766754 1449.000000
232.742493 1449.000000
236.717865 1449.000000
240.692963 1449.000000
244.667831 1449.000000
248.642441 1449.000000
252.616699 1449.000000
256.590790 1449.000000
260.564545 1449.000000
264.720734 1450.000000
268.696716 1450.000000
272.672546 1450.000000
276.648041 1450.000000
280.623291 1450.000000
284.598389 1450.000000
288.772278 1451.000000
292.547882 1450.000000
296.726746 1451.000000
300.496338 1450.000000
304.680328 1451.000000
308.444092 1450.000000
312.417572 1450.000000
316.390961 1450.000000
320.364075 1450.000000
324.337036 1450.000000
328.536224 1451.000000
332.282410 1450.000000
336.486816 1451.000000
340.227264 1450.000000
344.436768 1451.000000
348.171509 1450.000000
352.143372 1450.000000
356.115112 1450.000000
360.335205 1451.000000
364.058502 1450.000000
368.283783 1451.000000
372.258057 1451.000000
376.491455 1452.000000
380.206116 1451.000000
384.180115 1451.000000
388.154083 1451.000000
392.398285 1452.000000
396.375061 1452.000000
400.351776 1452.000000
404.050049 1451.000000
408.305206 1452.000000
411.998138 1451.000000
416.258911 1452.000000
420.235870 1452.000000
424.505127 1453.000000
428.190063 1452.000000
432.464935 1453.000000
436.144775 1452.000000
440.425507 1453.000000
444.405914 1453.000000
448.386658 1453.000000
452.367493 1453.000000
456.348572 1453.000000
460.330048 1453.000000
464.311584 1453.000000
468.293457 1453.000000
472.600861 1454.000000
476.586029 1454.000000
484.557709 1454.000000
488.544037 1454.000000
492.530884 1454.000000
496.859680 1455.000000
500.850006 1455.000000
504.493988 1454.000000
508.482666 1454.000000
512.471863 1454.000000
516.816895 1455.000000
520.809937 1455.000000
524.803650 1455.000000
528.798035 1455.000000
532.792969 1455.000000
536.788696 1455.000000
540.785095 1455.000000
544.782349 1455.000000
548.780273 1455.000000
552.778931 1455.000000
556.778564 1455.000000
561.164429 1456.000000
565.168518 1456.000000
569.173462 1456.000000
573.179565 1456.000000
577.186523 1456.000000
581.194519 1456.000000
585.203613 1456.000000
589.213806 1456.000000
593.225159 1456.000000
597.237671 1456.000000
601.251404 1456.000000
605.682129 1457.000000
609.282715 1456.000000
613.300232 1456.000000
617.319214 1456.000000
621.339600 1456.000000
625.361450 1456.000000
629.384766 1456.000000
632.974487 1455.000000
636.998291 1455.000000
640.582947 1454.000000
644.607178 1454.000000
647.740967 1452.000000
651.763000 1452.000000
653.980347 1448.000000
654.359741 1440.000000
656.525391 1436.000000
660.050720 1435.000000
666.348816 1440.000000
671.280151 1442.000000
675.288208 1442.000000
677.885132 1439.000000
680.467590 1436.000000
683.035522 1433.000000
687.027405 1433.000000
690.539368 1432.000000
694.533264 1432.000000
700.480774 1436.000000
703.019043 1433.000000
704.556274 1428.000000
707.060669 1425.000000
710.049927 1423.000000
713.532471 1422.000000
717.516907 1422.000000
720.996765 1421.000000
724.474121 1420.000000
727.435791 1418.000000
729.873413 1415.000000
732.815979 1413.000000
734.707703 1409.000000
740.249939 1412.000000
748.974915 1421.000000
753.514893 1422.000000
721.839050 1355.000000
747.091675 1395.000000
751.577515 1396.000000
767.438110 1418.000000
767.650024 1411.000000
772.200989 1412.000000
771.814331 1404.000000
779.122070 1410.000000
782.024841 1408.000000
786.037048 1408.000000
789.492615 1407.000000
792.382813 1405.000000
785.630005 1386.000000
785.609436 1379.000000
787.843628 1376.000000
792.367065 1377.000000
797.479431 1379.000000
802.608215 1381.000000
806.585510 1381.000000
809.393982 1379.000000
812.196411 1377.000000
814.992493 1375.000000
819.569458 1376.000000
825.354797 1379.000000
835.974609 1390.000000
842.434204 1394.000000
848.315674 1397.000000
849.949890 1393.000000
851.567017 1389.000000
853.783081 1386.000000
856.607239 1384.000000
859.426208 1382.000000
860.990784 1378.000000
863.166565 1375.000000
865.962280 1373.000000
868.119873 1370.000000
870.903625 1368.000000
871.764282 1363.000000
866.819763 1349.000000
876.001770 1357.000000
880.051208 1357.000000
883.457153 1356.000000
887.519836 1356.000000
891.591248 1356.000000
894.350098 1354.000000
895.778748 1350.000000
897.192200 1346.000000
898.590698 1342.000000
901.319580 1340.000000
904.721619 1339.000000
908.127197 1338.000000
910.854858 1336.000000
914.950256 1336.000000
918.368103 1335.000000
921.790344 1334.000000
924.523315 1332.000000
927.952332 1331.000000
930.686096 1329.000000
934.122498 1328.000000
936.858032 1326.000000
939.593201 1324.000000
942.328186 1322.000000
945.063354 1320.000000
947.079834 1317.000000
949.812744 1315.000000
