-728.967041 1024.000000
-738.423767 1042.000000
-761.884766 1080.000000
-370.084747 527.000000
-700.747864 1007.000000
-1036.980347 1497.000000
-1055.691772 1531.000000
-1044.687988 1522.000000
-1036.487427 1517.000000
-1028.331543 1512.000000
-1022.250977 1510.000000
-1016.869446 1509.000000
-1012.177185 1509.000000
-1007.497192 1509.000000
-1002.829041 1509.000000
-998.172424 1509.000000
-994.185547 1510.000000
-988.893005 1509.000000
-984.269531 1509.000000
-979.007568 1508.000000
-975.054443 1509.000000
-970.462097 1509.000000
-965.879822 1509.000000
-961.307129 1509.000000
-956.743958 1509.000000
-952.190186 1509.000000
-947.645386 1509.000000
-943.109619 1509.000000
-938.582458 1509.000000
-933.444946 1508.000000
-929.553650 1509.000000
-924.438599 1508.000000
-920.557617 1509.000000
-915.464355 1508.000000
-910.988770 1508.000000
-905.919617 1507.000000
-900.863708 1506.000000
-894.630371 1503.000000
-889.014099 1501.000000
-883.416504 1499.000000
-878.423828 1498.000000
-871.693237 1494.000000
-858.026184 1478.000000
-11.552106 20.000000
-755.707886 1315.000000
-739.291382 1293.000000
-734.954102 1292.000000
-731.193665 1292.000000
-726.875061 1291.000000
-723.127136 1291.000000
-719.383911 1291.000000
-715.645386 1291.000000
-711.911316 1291.000000
-708.181702 1291.000000
-704.456299 1291.000000
-700.735168 1291.000000
-700.257629 1297.000000
-702.971863 1309.000000
-709.360168 1328.000000
-711.924377 1340.000000
-707.025757 1338.000000
-701.617065 1335.000000
-695.706421 1331.000000
-693.981140 1335.000000
-694.304504 1343.000000
-701.269531 1364.000000
-704.028015 1377.000000
-709.257996 1395.000000
-743.712952 1471.000000
-757.629456 1507.000000
-753.348572 1507.000000
-749.071167 1507.000000
-744.797241 1507.000000
-740.526672 1507.000000
-736.259460 1507.000000
-731.995239 1507.000000
-728.217285 1508.000000
-723.476563 1507.000000
-719.698914 1508.000000
-715.918640 1509.000000
-712.135620 1510.000000
-708.349792 1511.000000
-704.095093 1511.000000
-699.379883 1510.000000
-697.895447 1516.000000
-699.125122 1528.000000
-706.656067 1554.000000
-709.072510 1569.000000
-709.610657 1580.000000
-709.643250 1590.000000
-709.178650 1599.000000
-708.666016 1608.000000
-708.105408 1617.000000
-707.061401 1625.000000
-705.110352 1631.000000
-695.826050 1620.000000
-666.975830 1563.000000
-646.500916 1525.000000
-636.768677 1512.000000
-632.967773 1513.000000
-629.994263 1516.000000
-631.133423 1529.000000
-630.562073 1538.000000
-630.349365 1548.000000
-630.486938 1559.000000
-630.565002 1570.000000
-630.583435 1581.000000
-630.542175 1592.000000
-630.441223 1603.000000
-630.280762 1614.000000
-630.060547 1625.000000
-629.780579 1636.000000
-629.823181 1648.000000
-629.800537 1660.000000
-630.089233 1673.000000
-629.933228 1685.000000
-629.711975 1697.000000
-629.793762 1710.000000
-629.439148 1722.000000
-629.019287 1734.000000
-627.453979 1743.000000
-621.553589 1740.000000
-502.193024 1428.000000
-490.563629 1406.000000
-484.595032 1400.000000
-480.377380 1399.000000
-476.506622 1399.000000
-472.636627 1399.000000
-468.767334 1399.000000
-464.898743 1399.000000
-461.030853 1399.000000
-457.163666 1399.000000
-453.296997 1399.000000
-449.431030 1399.000000
-445.565613 1399.000000
-441.700775 1399.000000
-437.836548 1399.000000
-433.972748 1399.000000
-430.109589 1399.000000
-425.942139 1398.000000
-422.384583 1399.000000
-418.522766 1399.000000
-414.661407 1399.000000
-410.800476 1399.000000
-406.939880 1399.000000
-403.079773 1399.000000
-399.219940 1399.000000
-395.360535 1399.000000
-391.501434 1399.000000
-387.365601 1398.000000
-383.509918 1398.000000
-379.654480 1398.000000
-375.799408 1398.000000
-371.944550 1398.000000
-368.353241 1399.000000
-364.235657 1398.000000
-360.381500 1398.000000
-356.272583 1397.000000
-352.421661 1397.000000
-348.570862 1397.000000
-344.720306 1397.000000
-340.869965 1397.000000
-337.019806 1397.000000
-332.931244 1396.000000
-329.319794 1397.000000
-325.237030 1396.000000
-321.390137 1396.000000
-317.543335 1396.000000
-313.696686 1396.000000
-309.850067 1396.000000
-306.003601 1396.000000
-301.940765 1395.000000
-298.310913 1396.000000
-294.464691 1396.000000
-290.826721 1397.000000
-286.772369 1396.000000
-282.926300 1396.000000
-278.880402 1395.000000
-275.234344 1396.000000
-271.388428 1396.000000
-267.542480 1396.000000
-263.507721 1395.000000
-259.664612 1395.000000
-255.821487 1395.000000
-251.978455 1395.000000
-247.957504 1394.000000
-244.117203 1394.000000
-240.276932 1394.000000
-236.436630 1394.000000
-232.596329 1394.000000
-228.755981 1394.000000
-224.915680 1394.000000
-221.075363 1394.000000
-217.079178 1393.000000
-213.241592 1393.000000
-209.403961 1393.000000
-205.713943 1394.000000
-201.728775 1393.000000
-197.891113 1393.000000
-194.053452 1393.000000
-190.215729 1393.000000
-186.378006 1393.000000
-182.540283 1393.000000
-178.702576 1393.000000
-174.864777 1393.000000
-170.904205 1392.000000
-167.069122 1392.000000
-163.234085 1392.000000
-159.399002 1392.000000
-155.563919 1392.000000
-151.728775 1392.000000
-147.893631 1392.000000
-144.058548 1392.000000
-140.122665 1391.000000
-136.290207 1391.000000
-132.457825 1391.000000
-128.625427 1391.000000
-124.793030 1391.000000
-120.960587 1391.000000
-117.128189 1391.000000
-113.295799 1391.000000
-109.384720 1390.000000
-105.555077 1390.000000
-101.725441 1390.000000
-97.895859 1390.000000
-94.066277 1390.000000
-90.236710 1390.000000
-86.407196 1390.000000
-82.577682 1390.000000
-78.691505 1389.000000
-74.864868 1389.000000
-71.038223 1389.000000
-67.211647 1389.000000
-63.385059 1389.000000
-59.558540 1389.000000
-55.732128 1389.000000
-51.905735 1389.000000
-48.044777 1388.000000
-44.253159 1389.000000
-40.426933 1389.000000
-36.574482 1388.000000
-32.751190 1388.000000
-28.928019 1388.000000
-25.086824 1387.000000
-21.281858 1388.000000
-17.458925 1388.000000
-13.645938 1389.000000
-9.813359 1388.000000
-5.995101 1389.000000
-2.168271 1388.000000
1.654124 1388.000000
5.476399 1388.000000
9.291797 1387.000000
13.111138 1387.000000
16.930243 1387.000000
20.749229 1387.000000
24.585808 1388.000000
28.386719 1387.000000
32.205231 1387.000000
36.023617 1387.000000
39.841885 1387.000000
43.691399 1388.000000
47.512058 1388.000000
51.332600 1388.000000
55.113174 1387.000000
58.930485 1387.000000
62.747681 1387.000000
66.564758 1387.000000
70.381477 1387.000000
74.198189 1387.000000
78.014557 1387.000000
81.830788 1387.000000
85.708549 1388.000000
89.462555 1387.000000
93.345467 1388.000000
97.093491 1387.000000
100.908653 1387.000000
104.723595 1387.000000
108.616531 1388.000000
112.352730 1387.000000
116.167061 1387.000000
119.981033 1387.000000
123.794769 1387.000000
127.608269 1387.000000
131.421646 1387.000000
135.234665 1387.000000
139.047440 1387.000000
142.859985 1387.000000
146.672287 1387.000000
150.484344 1387.000000
154.296051 1387.000000
158.107651 1387.000000
161.918869 1387.000000
165.849350 1388.000000
169.662979 1388.000000
173.351120 1387.000000
177.289124 1388.000000
181.101913 1388.000000
184.914337 1388.000000
188.590546 1387.000000
192.399750 1387.000000
196.208603 1387.000000
200.017334 1387.000000
203.825699 1387.000000
207.633835 1387.000000
211.441696 1387.000000
215.249359 1387.000000
219.056641 1387.000000
223.024368 1388.000000
226.834061 1388.000000
230.643387 1388.000000
234.452438 1388.000000
238.261292 1388.000000
242.069794 1388.000000
245.878159 1388.000000
249.686279 1388.000000
253.494049 1388.000000
257.301697 1388.000000
261.109100 1388.000000
264.725311 1387.000000
268.723083 1388.000000
272.333435 1387.000000
276.137146 1387.000000
279.940765 1387.000000
283.743988 1387.000000
287.547119 1387.000000
291.140045 1386.000000
294.727112 1385.000000
298.524170 1385.000000
300.574829 1377.000000
302.360382 1368.000000
304.767731 1362.000000
308.274506 1361.000000
312.692688 1364.000000
317.127136 1367.000000
321.343231 1369.000000
325.095245 1369.000000
327.886139 1365.000000
330.898102 1362.000000
334.139160 1360.000000
338.362915 1362.000000
342.597473 1364.000000
347.858673 1370.000000
355.719086 1386.000000
29.570662 114.000000
38.936169 147.000000
911.486389 3406.000000
924.333679 3419.000000
882.087708 3230.000000
203.288345 737.000000
1003.138916 3601.000000
1016.381653 3613.000000
1026.565918 3614.000000
1036.469238 3614.000000
1046.661987 3615.000000
1056.860596 3616.000000
1066.770020 3616.000000
1074.893188 3610.000000
699.261536 2306.000000
702.522095 2296.000000
708.198120 2294.000000
714.486450 2294.000000
720.774963 2294.000000
726.747131 2293.000000
732.713928 2292.000000
737.708740 2288.000000
25.904856 79.000000
554.503662 1677.000000
558.436707 1675.000000
562.359131 1673.000000
567.287842 1674.000000
571.880737 1674.000000
455.256378 1322.000000
30.893126 89.000000
18.192644 52.000000
358.245331 1016.000000
1265.753784 3562.000000
1297.378540 3623.000000
1309.854614 3630.000000
1326.369995 3648.000000
1259.461670 3438.000000
1286.993530 3487.000000
1307.359863 3516.000000
1299.793701 3470.000000
1310.465820 3473.000000
1332.939087 3507.000000
1322.677612 3455.000000
1332.182617 3455.000000
1320.719971 3401.000000
1357.456543 3471.000000
605.329407 1537.000000
307.496735 770.000000
452.766418 1126.000000
421.861664 1042.000000
139.811752 343.000000
263.869171 643.000000
597.799744 1447.000000
712.003174 1712.000000
751.476563 1795.000000
756.854248 1796.000000
756.724976 1784.000000
150.281570 352.000000
48.126442 112.000000
137.956497 319.000000
601.490112 1382.000000
599.182617 1368.000000
600.325134 1362.000000
601.436157 1356.000000
603.854370 1353.000000
605.808716 1349.000000
608.194214 1346.000000
610.564880 1343.000000
613.835510 1342.000000
616.642273 1340.000000
619.902649 1339.000000
623.159424 1338.000000
626.881165 1338.000000
630.133606 1337.000000
633.856689 1337.000000
637.581848 1337.000000
641.788757 1338.000000
646.003540 1339.000000
650.711426 1341.000000
646.160217 1324.000000
613.048035 1249.000000
611.110962 1238.000000
609.611145 1228.000000
610.553833 1223.000000
604.442566 1204.000000
606.304504 1201.000000
611.197937 1204.000000
615.089722 1205.000000
617.963257 1204.000000
620.317810 1202.000000
622.144775 1199.000000
621.349243 1191.000000
621.560425 1185.000000
627.541443 1190.000000
630.902710 1190.000000
634.267029 1190.000000
630.668579 1177.000000
632.924988 1175.000000
637.339111 1177.000000
642.312134 1180.000000
646.758423 1182.000000
648.469421 1179.000000
650.719482 1177.000000
652.406067 1174.000000
655.196411 1173.000000
657.984619 1172.000000
661.335083 1172.000000
664.122314 1171.000000
665.197632 1167.000000
666.826904 1164.000000
668.443054 1161.000000
671.203308 1160.000000
672.798950 1157.000000
670.875427 1148.000000
669.491455 1140.000000
669.836243 1135.000000
674.308044 1137.000000
677.604065 1137.000000
680.904724 1137.000000
684.210266 1137.000000
687.520691 1137.000000
691.443665 1138.000000
695.377625 1139.000000
699.322571 1140.000000
701.429749 1138.000000
701.672729 1133.000000
691.935791 1112.000000
682.080994 1091.000000
675.248779 1075.000000
675.269531 1070.000000
676.534607 1067.000000
679.061768 1066.000000
681.588928 1065.000000
684.116089 1064.000000
686.643555 1063.000000
689.820313 1063.000000
693.003418 1063.000000
696.193115 1063.000000
699.389526 1063.000000
702.592896 1063.000000
705.803345 1063.000000
709.020874 1063.000000
713.585815 1065.000000
721.535889 1072.000000
743.058594 1099.000000
763.396179 1124.000000
775.708008 1137.000000
783.311340 1143.000000
792.337280 1151.000000
801.421875 1159.000000
807.787292 1163.000000
812.791931 1165.000000
817.118286 1166.000000
820.053345 1165.000000
824.406860 1166.000000
828.067383 1166.000000
828.885498 1162.000000
835.421692 1166.000000
840.555664 1168.000000
843.545532 1167.000000
