-726.119507 1020.000000
-734.880432 1037.000000
-757.652039 1074.000000
-421.348877 600.000000
-737.629272 1060.000000
-1027.282471 1483.000000
-1056.381348 1532.000000
-1045.374390 1523.000000
-1036.487427 1517.000000
-1029.011597 1513.000000
-1022.927979 1511.000000
-1017.543335 1510.000000
-1012.847961 1510.000000
-1008.164856 1510.000000
-1003.493652 1510.000000
-998.172424 1509.000000
-994.185547 1510.000000
-988.893005 1509.000000
-984.269531 1509.000000
-979.656799 1509.000000
-975.054443 1509.000000
-970.462097 1509.000000
-965.879822 1509.000000
-961.307129 1509.000000
-956.743958 1509.000000
-952.190186 1509.000000
-947.645386 1509.000000
-943.109619 1509.000000
-938.582458 1509.000000
-933.444946 1508.000000
-929.553650 1509.000000
-924.438599 1508.000000
-919.947571 1508.000000
-915.464355 1508.000000
-910.988770 1508.000000
-905.919617 1507.000000
-900.863708 1506.000000
-895.225647 1504.000000
-889.606384 1502.000000
-884.005859 1500.000000
-878.423828 1498.000000
-872.276672 1495.000000
-858.606689 1479.000000
-39.277161 68.000000
-755.707886 1315.000000
-739.291382 1293.000000
-734.954102 1292.000000
-731.193665 1292.000000
-726.875061 1291.000000
-723.127136 1291.000000
-719.383911 1291.000000
-715.645386 1291.000000
-711.911316 1291.000000
-708.181702 1291.000000
-704.456299 1291.000000
-700.735168 1291.000000
-700.257629 1297.000000
-702.434814 1308.000000
-708.825989 1327.000000
-711.393066 1339.000000
-706.497314 1337.000000
-701.617065 1335.000000
-695.706421 1331.000000
-693.981140 1335.000000
-694.304504 1343.000000
-700.755371 1363.000000
-704.028015 1377.000000
-708.749573 1394.000000
-743.712952 1471.000000
-757.629456 1507.000000
-753.348572 1507.000000
-749.071167 1507.000000
-744.797241 1507.000000
-740.526672 1507.000000
-736.259460 1507.000000
-731.995239 1507.000000
-728.217285 1508.000000
-723.476563 1507.000000
-719.698914 1508.000000
-715.918640 1509.000000
-712.135620 1510.000000
-708.349792 1511.000000
-704.095093 1511.000000
-699.379883 1510.000000
-697.895447 1516.000000
-699.125122 1528.000000
-706.656067 1554.000000
-709.524414 1570.000000
-709.610657 1580.000000
-709.643250 1590.000000
-709.178650 1599.000000
-708.666016 1608.000000
-708.105408 1617.000000
-707.061401 1625.000000
-705.110352 1631.000000
-696.255554 1621.000000
-667.402588 1564.000000
-646.924866 1526.000000
-637.189819 1513.000000
-632.967773 1513.000000
-630.409790 1517.000000
-631.546204 1530.000000
-630.972046 1539.000000
-630.756592 1549.000000
-630.891357 1560.000000
-630.966614 1571.000000
-630.982300 1582.000000
-630.542175 1592.000000
-630.834473 1604.000000
-630.671265 1615.000000
-630.448303 1626.000000
-630.165527 1637.000000
-629.823181 1648.000000
-630.179932 1661.000000
-630.089233 1673.000000
-629.933228 1685.000000
-629.711975 1697.000000
-630.162048 1711.000000
-629.804626 1723.000000
-629.382019 1735.000000
-627.813965 1744.000000
-622.268005 1742.000000
-502.544678 1429.000000
-490.563629 1406.000000
-484.595032 1400.000000
-480.377380 1399.000000
-476.847229 1400.000000
-472.636627 1399.000000
-469.102417 1400.000000
-464.898743 1399.000000
-461.030853 1399.000000
-457.163666 1399.000000
-453.621033 1400.000000
-449.431030 1399.000000
-445.565613 1399.000000
-441.700775 1399.000000
-437.836548 1399.000000
-433.972748 1399.000000
-430.109589 1399.000000
-425.942139 1398.000000
-422.384583 1399.000000
-418.522766 1399.000000
-414.661407 1399.000000
-410.800476 1399.000000
-406.939880 1399.000000
-403.079773 1399.000000
-399.219940 1399.000000
-395.360535 1399.000000
-391.501434 1399.000000
-387.365601 1398.000000
-383.509918 1398.000000
-379.654480 1398.000000
-375.799408 1398.000000
-371.944550 1398.000000
-368.353241 1399.000000
-364.235657 1398.000000
-360.381500 1398.000000
-356.272583 1397.000000
-352.673950 1398.000000
-348.570862 1397.000000
-344.967072 1398.000000
-340.869965 1397.000000
-337.019806 1397.000000
-333.169708 1397.000000
-329.319794 1397.000000
-325.237030 1396.000000
-321.390137 1396.000000
-317.543335 1396.000000
-313.696686 1396.000000
-309.850067 1396.000000
-306.003601 1396.000000
-301.940765 1395.000000
-298.310913 1396.000000
-294.464691 1396.000000
-290.826721 1397.000000
-286.977783 1397.000000
-282.926300 1396.000000
-279.080322 1396.000000
-275.234344 1396.000000
-271.194000 1395.000000
-267.542480 1396.000000
-263.507721 1395.000000
-259.664612 1395.000000
-255.821487 1395.000000
-251.978455 1395.000000
-247.957504 1394.000000
-244.117203 1394.000000
-240.276932 1394.000000
-236.436630 1394.000000
-232.596329 1394.000000
-228.755981 1394.000000
-224.754333 1393.000000
-221.075363 1394.000000
-217.079178 1393.000000
-213.241592 1393.000000
-209.403961 1393.000000
-205.566376 1393.000000
-201.728775 1393.000000
-197.891113 1393.000000
-194.053452 1393.000000
-190.215729 1393.000000
-186.378006 1393.000000
-182.540283 1393.000000
-178.574280 1392.000000
-174.739243 1392.000000
-170.904205 1392.000000
-167.069122 1392.000000
-163.234085 1392.000000
-159.399002 1392.000000
-155.563919 1392.000000
-151.728775 1392.000000
-147.893631 1392.000000
-144.058548 1392.000000
-140.122665 1391.000000
-136.290207 1391.000000
-132.362595 1390.000000
-128.532959 1390.000000
-124.703316 1390.000000
-120.960587 1391.000000
-117.128189 1391.000000
-113.295799 1391.000000
-109.384720 1390.000000
-105.555077 1390.000000
-101.725441 1390.000000
-97.895859 1390.000000
-93.998604 1389.000000
-90.171791 1389.000000
-86.345032 1389.000000
-82.518272 1389.000000
-78.691505 1389.000000
-74.864868 1389.000000
-70.987076 1388.000000
-67.163254 1388.000000
-63.339428 1388.000000
-59.515659 1388.000000
-55.611755 1386.000000
-51.681519 1383.000000
-47.525562 1373.000000
-42.787613 1343.000000
-38.273159 1315.000000
-34.571846 1312.000000
-30.910706 1310.000000
-27.281540 1309.000000
-23.657944 1308.000000
-20.055239 1308.000000
-16.452648 1308.000000
-12.850170 1308.000000
-9.247747 1308.000000
-5.641179 1307.000000
-2.041736 1307.000000
1.557594 1307.000000
5.152865 1306.000000
8.755860 1307.000000
12.354908 1307.000000
15.953733 1307.000000
19.567406 1308.000000
23.186472 1309.000000
26.933613 1316.000000
31.531868 1358.000000
35.867783 1381.000000
39.813160 1386.000000
43.596962 1385.000000
47.443596 1386.000000
51.258633 1386.000000
55.073441 1386.000000
58.887997 1386.000000
62.702442 1386.000000
66.516762 1386.000000
70.330734 1386.000000
74.198189 1387.000000
78.014557 1387.000000
81.830788 1387.000000
85.646797 1387.000000
89.462555 1387.000000
93.278214 1387.000000
97.093491 1387.000000
100.908653 1387.000000
104.723595 1387.000000
108.538277 1387.000000
112.352730 1387.000000
116.167061 1387.000000
119.981033 1387.000000
123.794769 1387.000000
127.608269 1387.000000
131.421646 1387.000000
135.234665 1387.000000
139.047440 1387.000000
142.859985 1387.000000
146.672287 1387.000000
150.484344 1387.000000
154.296051 1387.000000
158.107651 1387.000000
161.918869 1387.000000
165.729858 1387.000000
169.540741 1387.000000
173.351120 1387.000000
177.289124 1388.000000
180.971436 1387.000000
184.914337 1388.000000
188.590546 1387.000000
192.399750 1387.000000
196.208603 1387.000000
200.017334 1387.000000
203.825699 1387.000000
207.633835 1387.000000
211.441696 1387.000000
215.249359 1387.000000
219.056641 1387.000000
223.024368 1388.000000
226.834061 1388.000000
230.643387 1388.000000
234.452438 1388.000000
238.261292 1388.000000
242.069794 1388.000000
245.878159 1388.000000
249.686279 1388.000000
253.494049 1388.000000
257.301697 1388.000000
261.109100 1388.000000
264.725311 1387.000000
268.723083 1388.000000
272.333435 1387.000000
276.137146 1387.000000
279.738922 1386.000000
283.743988 1387.000000
287.547119 1387.000000
291.140045 1386.000000
294.514313 1384.000000
298.524170 1385.000000
300.574829 1377.000000
302.360382 1368.000000
304.767731 1362.000000
308.501007 1362.000000
312.692688 1364.000000
317.127136 1367.000000
321.343231 1369.000000
325.095245 1369.000000
327.886139 1365.000000
330.898102 1362.000000
334.139160 1360.000000
338.362915 1362.000000
342.597473 1364.000000
347.858673 1370.000000
355.975739 1387.000000
30.348837 117.000000
62.244900 235.000000
914.965332 3419.000000
924.333679 3419.000000
859.421021 3147.000000
145.363586 527.000000
1003.417480 3602.000000
1016.381653 3613.000000
1026.849976 3615.000000
1036.755981 3615.000000
1046.951416 3616.000000
1056.860596 3616.000000
1066.770020 3616.000000
1074.893188 3610.000000
699.261536 2306.000000
702.522095 2296.000000
708.198120 2294.000000
714.486450 2294.000000
720.774963 2294.000000
726.747131 2293.000000
732.713928 2292.000000
738.031128 2289.000000
4.262825 13.000000
554.503662 1677.000000
558.436707 1675.000000
562.695313 1674.000000
567.626709 1675.000000
572.222351 1675.000000
474.541046 1378.000000
34.364262 99.000000
40.933449 117.000000
320.164154 908.000000
1273.571411 3584.000000
1298.094727 3625.000000
1310.937134 3633.000000
1322.370483 3637.000000
1282.907227 3502.000000
1292.529785 3502.000000
1303.641479 3506.000000
1294.549561 3456.000000
1310.843140 3474.000000
1340.540649 3527.000000
1350.241455 3527.000000
1332.182617 3455.000000
1340.913208 3453.000000
1358.629761 3474.000000
790.433350 2007.000000
333.853607 836.000000
418.587799 1041.000000
405.667358 1002.000000
175.274200 430.000000
299.571533 730.000000
594.907837 1440.000000
727.391113 1749.000000
751.895203 1796.000000
756.854248 1796.000000
755.452454 1781.000000
170.774521 400.000000
41.680939 97.000000
120.225403 278.000000
598.878723 1376.000000
599.182617 1368.000000
599.884399 1361.000000
600.992615 1355.000000
602.961792 1351.000000
604.910522 1347.000000
607.290466 1344.000000
609.200989 1340.000000
612.005920 1338.000000
614.801514 1336.000000
617.587830 1334.000000
620.364990 1332.000000
624.070007 1332.000000
627.305786 1331.000000
630.538086 1330.000000
634.243713 1330.000000
637.951477 1330.000000
642.626404 1332.000000
647.799988 1335.000000
647.624329 1327.000000
619.428833 1262.000000
609.136475 1234.000000
607.129028 1223.000000
608.556946 1219.000000
602.936462 1201.000000
605.294800 1199.000000
610.690308 1203.000000
614.579285 1204.000000
617.449951 1203.000000
619.801758 1201.000000
621.106995 1197.000000
621.349243 1191.000000
623.658508 1189.000000
626.486755 1188.000000
630.372498 1189.000000
634.267029 1190.000000
630.668579 1177.000000
632.386353 1174.000000
636.797607 1176.000000
641.767822 1179.000000
646.211304 1181.000000
647.919434 1178.000000
650.166626 1176.000000
652.406067 1174.000000
655.196411 1173.000000
657.984619 1172.000000
661.335083 1172.000000
664.122314 1171.000000
664.627625 1166.000000
666.254028 1163.000000
667.867310 1160.000000
670.046021 1158.000000
671.635925 1155.000000
669.706604 1146.000000
668.904175 1139.000000
669.836243 1135.000000
674.308044 1137.000000
677.604065 1137.000000
680.305847 1136.000000
683.608459 1136.000000
686.916016 1136.000000
690.836060 1137.000000
694.156616 1137.000000
697.482239 1137.000000
698.964294 1134.000000
698.576172 1128.000000
689.446777 1108.000000
680.830627 1089.000000
674.620605 1074.000000
674.638428 1069.000000
676.534607 1067.000000
679.061768 1066.000000
681.588928 1065.000000
684.116089 1064.000000
686.643555 1063.000000
689.820313 1063.000000
693.003418 1063.000000
696.193115 1063.000000
699.389526 1063.000000
702.592896 1063.000000
705.803345 1063.000000
709.020874 1063.000000
713.585815 1065.000000
721.535889 1072.000000
742.382446 1098.000000
763.396179 1124.000000
775.025757 1136.000000
782.625977 1142.000000
790.960510 1149.000000
800.038940 1157.000000
807.092712 1162.000000
811.396606 1163.000000
815.716675 1164.000000
819.349487 1164.000000
822.992798 1164.000000
827.357178 1165.000000
828.172180 1161.000000
835.421692 1166.000000
838.396667 1165.000000
842.099854 1165.000000
