-64.311790 91.000000
-64.102646 91.000000
-1222.414307 1741.000000
-1217.037354 1739.000000
-1872.280273 2684.000000
-1874.526489 2696.000000
-1882.971436 2717.000000
-1876.830688 2717.000000
-1870.016846 2716.000000
-1858.417725 2708.000000
-1829.767700 2675.000000
-1823.778198 2675.000000
-609.557922 897.000000
-607.557678 897.000000
-21.118568 33.000000
-21.046839 33.000000
-1710.430298 2691.000000
-1716.626953 2710.000000
-1727.796265 2737.000000
-1722.496338 2738.000000
-1717.823486 2740.000000
-1710.646973 2738.000000
-1702.860352 2735.000000
-1699.433838 2739.000000
-1696.611694 2744.000000
-1690.074463 2743.000000
-1684.158691 2743.000000
-1679.469604 2745.000000
-1674.164673 2746.000000
-1665.213013 2741.000000
-1656.285156 2736.000000
-1646.777588 2730.000000
-1636.696777 2723.000000
-1633.236084 2727.000000
-1629.162964 2730.000000
-1624.484131 2732.000000
-1619.205078 2733.000000
-1612.152344 2731.000000
-1605.697144 2730.000000
-1596.903076 2725.000000
-1588.131470 2720.000000
-1584.035645 2723.000000
-1579.927490 2726.000000
-1577.538940 2732.000000
-1575.700195 2739.000000
-1572.685181 2744.000000
-1569.648926 2749.000000
-1562.609253 2747.000000
-1555.577881 2745.000000
-1551.377686 2748.000000
-1547.163818 2751.000000
-1541.256104 2751.000000
-1535.347656 2751.000000
-1528.882568 2750.000000
-1522.974976 2750.000000
-1510.998169 2739.000000
-1500.166748 2730.000000
-1494.846558 2731.000000
-1489.520874 2732.000000
-1481.474731 2728.000000
-1473.985107 2725.000000
-1469.739746 2728.000000
-1466.016968 2732.000000
-1460.671753 2733.000000
-1455.853394 2735.000000
-1449.964355 2735.000000
-1445.129639 2737.000000
-1439.759033 2738.000000
-1434.382324 2739.000000
-1428.477783 2739.000000
-1422.571533 2739.000000
-1416.663696 2739.000000
-1410.753540 2739.000000
-1397.148193 2724.000000
-883.076416 1729.000000
-879.341980 1729.000000
-247.641098 489.000000
-247.088455 490.000000
-501.095795 998.000000
-503.436584 1007.000000
-837.752441 1683.000000
-835.596313 1686.000000
-867.966980 1759.000000
-862.191589 1755.000000
-854.964722 1748.000000
-850.201477 1746.000000
-843.991150 1741.000000
-839.248840 1739.000000
-834.033386 1736.000000
-831.699036 1739.000000
-829.350098 1742.000000
-823.669189 1738.000000
-816.117310 1730.000000
-811.416199 1728.000000
-806.722229 1726.000000
-802.500610 1725.000000
-799.208069 1726.000000
-797.292175 1730.000000
-796.274902 1736.000000
-790.208313 1731.000000
-782.344788 1722.000000
-779.944885 1725.000000
-777.080322 1727.000000
-772.414429 1725.000000
-767.756042 1723.000000
-764.434998 1724.000000
-761.549438 1726.000000
-759.970886 1731.000000
-759.242676 1738.000000
-755.439819 1738.000000
-751.203064 1737.000000
-746.539124 1735.000000
-742.310608 1734.000000
-738.511047 1734.000000
-734.710144 1734.000000
-730.907959 1734.000000
-727.523621 1735.000000
-724.550842 1737.000000
-721.568054 1739.000000
-718.575195 1741.000000
-715.572266 1743.000000
-712.967712 1746.000000
-710.348755 1749.000000
-701.656250 1737.000000
-691.809998 1722.000000
-689.619995 1726.000000
-687.808777 1731.000000
-683.208374 1729.000000
-678.615662 1727.000000
-675.203003 1728.000000
-671.784790 1729.000000
-667.202271 1727.000000
-663.011658 1726.000000
-659.970337 1728.000000
-656.919067 1730.000000
-652.348145 1728.000000
-648.160522 1727.000000
-641.737793 1720.000000
-635.345032 1713.000000
-633.038025 1717.000000
-631.078918 1722.000000
-628.368530 1725.000000
-625.644226 1728.000000
-621.466431 1727.000000
-616.934692 1725.000000
-613.832825 1727.000000
-610.721619 1729.000000
-607.249939 1730.000000
-603.773193 1731.000000
-599.251648 1729.000000
-595.082886 1728.000000
-590.575867 1726.000000
-586.757080 1726.000000
-584.288757 1730.000000
-582.137878 1735.000000
-578.631226 1736.000000
-575.450928 1738.000000
-569.630188 1732.000000
-564.162476 1727.000000
-560.014465 1726.000000
-556.192688 1726.000000
-552.690979 1727.000000
-549.820007 1730.000000
-546.304443 1731.000000
-543.097656 1733.000000
-538.014832 1729.000000
-533.258667 1726.000000
-529.129150 1725.000000
-525.003906 1724.000000
-521.790039 1726.000000
-518.267212 1727.000000
-512.952698 1722.000000
-507.660400 1717.000000
-504.444458 1719.000000
-501.219696 1721.000000
-497.119110 1720.000000
-493.023163 1719.000000
-489.785614 1721.000000
-486.539276 1723.000000
-482.163757 1721.000000
-477.797180 1719.000000
-475.094238 1723.000000
-472.647430 1728.000000
-469.364685 1730.000000
-466.342621 1733.000000
-463.307587 1736.000000
-460.259705 1739.000000
-453.262085 1727.000000
-446.317932 1715.000000
-443.039764 1717.000000
-440.008911 1720.000000
-436.965424 1723.000000
-434.160431 1727.000000
-430.092377 1726.000000
-426.276245 1726.000000
-422.705414 1727.000000
-419.373291 1729.000000
-415.311920 1728.000000
-411.255524 1727.000000
-408.147797 1730.000000
-405.261200 1734.000000
-402.357666 1738.000000
-399.895691 1744.000000
-395.364105 1741.000000
-390.846466 1738.000000
-386.565369 1736.000000
-382.073547 1733.000000
-378.468658 1734.000000
-374.644104 1734.000000
-370.820282 1734.000000
-366.997192 1734.000000
-364.012817 1738.000000
-361.011536 1742.000000
-357.173340 1742.000000
-353.741699 1744.000000
-348.295624 1736.000000
-343.084320 1729.000000
-338.100830 1723.000000
-333.338654 1718.000000
-330.133972 1721.000000
-327.106598 1725.000000
-323.687714 1727.000000
-320.261017 1729.000000
-317.009460 1732.000000
-313.926392 1736.000000
-309.754944 1734.000000
-305.946167 1734.000000
-302.661102 1737.000000
-299.363678 1740.000000
-295.544647 1740.000000
-291.894196 1741.000000
-287.578552 1738.000000
-283.277069 1735.000000
-279.472961 1735.000000
-275.669861 1735.000000
-272.024445 1736.000000
-268.530243 1738.000000
-263.962006 1733.000000
-259.416687 1728.000000
-256.225830 1732.000000
-253.018341 1736.000000
-249.507462 1738.000000
-246.130127 1741.000000
-240.931274 1731.000000
-235.777298 1721.000000
-232.555267 1725.000000
-229.317017 1729.000000
-226.453491 1736.000000
-223.560532 1743.000000
-219.503372 1741.000000
-215.579819 1740.000000
-210.566254 1730.000000
-205.717010 1721.000000
-202.316162 1724.000000
-199.018524 1728.000000
-195.704346 1732.000000
-192.373917 1736.000000
-188.157944 1732.000000
-183.960526 1728.000000
-180.824310 1734.000000
-177.765091 1741.000000
-174.276703 1744.000000
-170.874084 1748.000000
-166.021378 1737.000000
-161.124100 1725.000000
-158.104691 1733.000000
-155.051529 1741.000000
-152.225266 1752.000000
-149.352264 1763.000000
-144.121246 1746.000000
-139.045349 1730.000000
-135.369385 1731.000000
-131.690063 1732.000000
-128.081375 1734.000000
-124.393150 1735.000000
-120.145271 1728.000000
-115.928780 1721.000000
-112.591118 1727.000000
-109.228355 1733.000000
-105.779747 1738.000000
-102.369072 1744.000000
-98.537590 1743.000000
-94.711426 1742.000000
-90.890495 1741.000000
-87.024765 1739.000000
-83.312164 1740.000000
-79.641937 1742.000000
-76.050941 1746.000000
-72.443649 1750.000000
-68.702347 1751.000000
-64.994492 1753.000000
-60.999523 1747.000000
-57.064201 1742.000000
-53.365360 1744.000000
-49.687313 1747.000000
-45.839458 1744.000000
-42.005245 1741.000000
-38.294666 1743.000000
-34.576164 1745.000000
-30.779526 1743.000000
-27.007570 1742.000000
-23.294025 1745.000000
-19.568392 1748.000000
-15.713005 1738.000000
-11.908416 1729.000000
-8.209703 1734.000000
-4.492600 1740.000000
-0.744494 1732.000000
2.968761 1724.000000
6.696838 1729.000000
10.451897 1735.000000
14.256727 1744.000000
18.120211 1755.000000
21.830692 1750.000000
25.518984 1745.000000
29.185074 1740.000000
32.848045 1736.000000
36.640755 1739.000000
40.468861 1743.000000
44.440289 1752.000000
48.477318 1762.000000
52.349251 1765.000000
56.296825 1770.000000
60.095806 1770.000000
56.204876 1557.000000
59.774902 1563.000000
63.410694 1570.000000
66.990814 1575.000000
70.681480 1582.000000
74.167297 1584.000000
77.710274 1587.000000
80.856850 1582.000000
83.981483 1577.000000
87.582870 1581.000000
91.258301 1586.000000
94.298409 1580.000000
97.373993 1575.000000
100.939629 1578.000000
104.649956 1583.000000
108.176437 1585.000000
111.851906 1589.000000
114.818649 1583.000000
117.908798 1579.000000
121.596077 1583.000000
125.378662 1588.000000
129.020325 1591.000000
132.757843 1595.000000
135.487320 1587.000000
138.182602 1579.000000
142.097992 1585.000000
145.947128 1590.000000
148.971924 1586.000000
151.979218 1582.000000
155.656723 1585.000000
159.246078 1587.000000
162.946350 1590.000000
166.659027 1593.000000
169.850388 1591.000000
173.033188 1589.000000
176.539902 1590.000000
180.163818 1592.000000
183.565521 1592.000000
187.084152 1593.000000
190.607071 1594.000000
194.133606 1595.000000
196.797226 1589.000000
199.435074 1583.000000
203.200134 1586.000000
207.108002 1590.000000
210.767670 1592.000000
214.435745 1594.000000
217.975433 1595.000000
221.519012 1596.000000
224.503143 1593.000000
227.473831 1590.000000
231.593170 1595.000000
291.415375 1606.000000
294.470673 1604.000000
297.516907 1602.000000
300.742188 1601.000000
303.963104 1600.000000
306.987183 1598.000000
310.002686 1596.000000
313.794495 1598.000000
317.793091 1601.000000
321.001556 1600.000000
324.408264 1600.000000
328.019592 1601.000000
331.634552 1602.000000
333.789551 1596.000000
335.918701 1590.000000
339.515564 1591.000000
343.332153 1593.000000
346.285828 1591.000000
349.450531 1590.000000
352.388702 1588.000000
355.317932 1586.000000
359.142944 1588.000000
362.975983 1590.000000
366.586548 1591.000000
370.433533 1593.000000
374.523224 1596.000000
378.862152 1600.000000
381.783783 1598.000000
384.937653 1597.000000
388.816193 1599.000000
392.457581 1600.000000
396.102692 1601.000000
399.501617 1601.000000
402.397003 1599.000000
405.283203 1597.000000
408.672241 1597.000000
412.318756 1598.000000
416.228760 1600.000000
420.146912 1602.000000
423.279663 1601.000000
426.940643 1602.000000
430.068024 1601.000000
433.190155 1600.000000
434.943268 1594.000000
436.945221 1589.000000
441.419128 1593.000000
446.188751 1598.000000
450.134399 1600.000000
454.371399 1603.000000
457.192474 1601.000000
460.292206 1600.000000
464.546021 1603.000000
469.395233 1608.000000
472.794922 1608.000000
476.193573 1608.000000
479.889740 1609.000000
483.889679 1611.000000
483.359772 1598.000000
482.774139 1585.000000
486.426575 1586.000000
489.773346 1586.000000
493.430328 1587.000000
496.777374 1587.000000
500.438446 1588.000000
503.785645 1588.000000
508.089874 1591.000000
512.727173 1595.000000
516.409668 1596.000000
520.095154 1597.000000
523.455933 1597.000000
526.485779 1596.000000
530.174316 1597.000000
534.199829 1599.000000
537.224182 1598.000000
540.581238 1598.000000
542.235413 1593.000000
544.209717 1589.000000
547.888916 1590.000000
551.571045 1591.000000
554.907410 1591.000000
558.944153 1593.000000
562.635132 1594.000000
567.038940 1597.000000
569.311035 1594.000000
571.569214 1591.000000
573.090881 1586.000000
642.025879 1569.000000
647.737976 1575.000000
653.473145 1581.000000
649.262024 1563.000000
644.974365 1545.000000
642.289063 1531.000000
639.965637 1518.000000
642.670837 1517.000000
343.118805 806.000000
345.205872 807.000000
350.734650 816.000000
354.571991 821.000000
386.634552 891.000000
391.080566 897.000000
636.033752 1452.000000
637.252075 1448.000000
663.654358 1501.000000
668.506653 1505.000000
673.373413 1509.000000
678.702881 1514.000000
684.501282 1520.000000
687.608093 1520.000000
691.621765 1522.000000
696.554565 1526.000000
701.501892 1530.000000
703.239685 1527.000000
704.963379 1524.000000
706.208191 1520.000000
707.434753 1516.000000
707.705872 1510.000000
708.421265 1505.000000
711.477844 1505.000000
714.532776 1505.000000
722.830444 1516.000000
731.649780 1528.000000
738.592041 1536.000000
747.013428 1547.000000
741.900146 1530.000000
726.490723 1492.000000
730.972290 1495.000000
735.464294 1498.000000
740.459167 1502.000000
745.963257 1507.000000
749.497498 1508.000000
753.533020 1510.000000
749.056824 1495.000000
742.505859 1476.000000
744.463013 1474.000000
747.424255 1474.000000
751.401550 1476.000000
755.385376 1478.000000
759.375122 1480.000000
763.371033 1482.000000
760.650696 1471.000000
757.884521 1460.000000
761.325684 1461.000000
765.292053 1463.000000
767.689514 1462.000000
770.081238 1461.000000
775.112366 1465.000000
780.157593 1469.000000
783.085144 1469.000000
786.010681 1469.000000
784.637817 1461.000000
782.692566 1452.000000
783.414978 1448.000000
784.119690 1444.000000
790.257141 1450.000000
796.416687 1456.000000
800.402222 1458.000000
804.394470 1460.000000
805.075378 1456.000000
805.738647 1452.000000
813.624268 1461.000000
823.779480 1474.000000
816.037415 1455.000000
806.530212 1433.000000
803.712280 1423.000000
800.853516 1413.000000
804.210083 1414.000000
808.140076 1416.000000
810.931030 1416.000000
814.295776 1417.000000
822.275818 1426.000000
825.661499 1427.000000
833.113892 1435.000000
654.185608 1123.000000
659.315857 1128.000000
668.570068 1140.000000
670.221191 1139.000000
563.825500 955.000000
563.330688 951.000000
710.210632 1195.000000
715.536194 1200.000000
833.948181 1394.000000
837.281189 1395.000000
840.617371 1396.000000
841.540222 1393.000000
843.056519 1391.000000
845.172546 1390.000000
847.894165 1390.000000
848.779053 1387.000000
850.265564 1385.000000
849.896240 1380.000000
850.124817 1376.000000
849.717529 1371.000000
849.290405 1366.000000
851.338013 1365.000000
853.381653 1364.000000
857.304016 1366.000000
862.493225 1370.000000
865.171875 1370.000000
