-75.619362 107.000000
-75.373444 107.000000
-1107.966553 1578.000000
-1103.661743 1577.000000
-1860.421631 2667.000000
-1862.706299 2679.000000
-1876.041138 2707.000000
-1871.304565 2709.000000
-1865.197266 2709.000000
-1854.300171 2702.000000
-1824.295532 2667.000000
-1817.642212 2666.000000
-592.569153 872.000000
-590.624634 872.000000
-17.918785 28.000000
-17.857924 28.000000
-1707.252197 2686.000000
-1714.093140 2706.000000
-1724.639893 2732.000000
-1718.092529 2731.000000
-1712.181030 2731.000000
-1706.273438 2731.000000
-1701.615112 2733.000000
-1698.192993 2737.000000
-1694.756714 2741.000000
-1687.609863 2739.000000
-1679.860840 2736.000000
-1675.186768 2738.000000
-1669.896973 2739.000000
-1661.567871 2735.000000
-1652.652954 2730.000000
-1642.555054 2723.000000
-1632.489258 2716.000000
-1628.444824 2719.000000
-1624.985596 2723.000000
-1621.511108 2727.000000
-1618.612671 2732.000000
-1612.152344 2731.000000
-1606.285278 2731.000000
-1596.903076 2725.000000
-1587.547607 2719.000000
-1583.453857 2722.000000
-1579.927490 2726.000000
-1576.384155 2730.000000
-1573.399048 2735.000000
-1569.246460 2738.000000
-1565.081055 2741.000000
-1558.058472 2739.000000
-1551.611084 2738.000000
-1547.425781 2741.000000
-1543.789429 2745.000000
-1537.894531 2745.000000
-1531.999023 2745.000000
-1526.102783 2745.000000
-1520.205933 2745.000000
-1508.239868 2734.000000
-1495.221069 2721.000000
-1490.467651 2723.000000
-1485.704346 2725.000000
-1478.759399 2723.000000
-1471.280640 2720.000000
-1467.584717 2724.000000
-1463.870483 2728.000000
-1458.533936 2729.000000
-1452.659546 2729.000000
-1447.313599 2730.000000
-1442.489624 2732.000000
-1437.129761 2733.000000
-1431.763916 2734.000000
-1424.305542 2731.000000
-1417.897217 2730.000000
-1411.491455 2729.000000
-1406.118042 2730.000000
-1393.044922 2716.000000
-758.454895 1485.000000
-755.247437 1485.000000
-277.520081 548.000000
-276.335663 548.000000
-516.158813 1028.000000
-518.434692 1037.000000
-836.756897 1681.000000
-834.605103 1684.000000
-863.032532 1749.000000
-857.278809 1745.000000
-851.051880 1740.000000
-845.819031 1737.000000
-840.112915 1733.000000
-836.353210 1733.000000
-833.072510 1734.000000
-828.829468 1733.000000
-824.589233 1732.000000
-820.351807 1731.000000
-814.702087 1727.000000
-809.537964 1724.000000
-803.917847 1720.000000
-799.709290 1719.000000
-795.503723 1718.000000
-792.683594 1720.000000
-790.770691 1724.000000
-786.556274 1723.000000
-782.799133 1723.000000
-778.588440 1722.000000
-773.930603 1720.000000
-769.280029 1718.000000
-765.082520 1717.000000
-761.774536 1718.000000
-758.902100 1720.000000
-757.775696 1726.000000
-757.058411 1733.000000
-751.962524 1730.000000
-746.445862 1726.000000
-742.666565 1726.000000
-739.313965 1727.000000
-735.103821 1726.000000
-730.896729 1725.000000
-727.957336 1727.000000
-725.427063 1730.000000
-720.796692 1728.000000
-716.588867 1727.000000
-714.035095 1730.000000
-711.466858 1733.000000
-708.475952 1735.000000
-705.475037 1737.000000
-698.020752 1728.000000
-690.203003 1718.000000
-688.021851 1722.000000
-685.424683 1725.000000
-680.442322 1722.000000
-675.865051 1720.000000
-671.295532 1718.000000
-667.122314 1717.000000
-664.497925 1720.000000
-662.627502 1725.000000
-659.206482 1726.000000
-656.159668 1728.000000
-651.970642 1727.000000
-648.160522 1727.000000
-641.364685 1719.000000
-634.603271 1711.000000
-632.300659 1715.000000
-629.979431 1719.000000
-626.547180 1720.000000
-623.471863 1722.000000
-617.867920 1717.000000
-613.000610 1714.000000
-609.212158 1714.000000
-605.776489 1715.000000
-602.335754 1716.000000
-598.889954 1717.000000
-595.439209 1718.000000
-592.327881 1720.000000
-587.154236 1716.000000
-581.997742 1712.000000
-579.560425 1716.000000
-577.440491 1721.000000
-574.631470 1724.000000
-571.808838 1727.000000
-567.985779 1727.000000
-564.489136 1728.000000
-560.338928 1727.000000
-556.192688 1726.000000
-552.370911 1726.000000
-548.866577 1727.000000
-545.042053 1727.000000
-541.217346 1727.000000
-535.836609 1722.000000
-530.478088 1717.000000
-526.675171 1717.000000
-522.872253 1717.000000
-520.278503 1721.000000
-517.666992 1725.000000
-511.463287 1717.000000
-505.590729 1710.000000
-502.096832 1711.000000
-498.598541 1712.000000
-494.228882 1710.000000
-489.868286 1708.000000
-486.085907 1708.000000
-482.585968 1709.000000
-479.362122 1711.000000
-476.407410 1714.000000
-473.715546 1718.000000
-471.279816 1723.000000
-467.465515 1723.000000
-463.651672 1723.000000
-460.371887 1725.000000
-457.083679 1727.000000
-450.637543 1717.000000
-444.235992 1707.000000
-441.491577 1711.000000
-438.985657 1716.000000
-436.711823 1722.000000
-434.411835 1728.000000
-429.593994 1724.000000
-424.794403 1720.000000
-421.481598 1722.000000
-418.403076 1725.000000
-414.350555 1724.000000
-410.302979 1723.000000
-406.496338 1723.000000
-402.690338 1723.000000
-399.811096 1727.000000
-396.685516 1730.000000
-392.411926 1728.000000
-388.372772 1727.000000
-384.115936 1725.000000
-379.868835 1723.000000
-376.286041 1724.000000
-372.699585 1725.000000
-369.537170 1728.000000
-366.150604 1730.000000
-362.965576 1733.000000
-359.975342 1737.000000
-355.738098 1735.000000
-351.916199 1735.000000
-347.091827 1730.000000
-342.489014 1726.000000
-336.923462 1717.000000
-331.398376 1708.000000
-328.215698 1711.000000
-325.020691 1714.000000
-321.438599 1715.000000
-318.223480 1718.000000
-314.813080 1720.000000
-311.575562 1723.000000
-307.611328 1722.000000
-303.828918 1722.000000
-300.395935 1724.000000
-297.127075 1727.000000
-293.506409 1728.000000
-289.882294 1729.000000
-285.923920 1728.000000
-282.134186 1728.000000
-278.345398 1728.000000
-274.875427 1730.000000
-270.927551 1729.000000
-267.139679 1729.000000
-262.286530 1722.000000
-257.615173 1716.000000
-254.450592 1720.000000
-251.269363 1724.000000
-247.928299 1727.000000
-244.575027 1730.000000
-239.400223 1720.000000
-234.270294 1710.000000
-231.341934 1716.000000
-228.388596 1722.000000
-225.149033 1726.000000
-222.149643 1732.000000
-218.494751 1733.000000
-214.960327 1735.000000
-209.592529 1722.000000
-204.402145 1710.000000
-201.142639 1714.000000
-197.981979 1719.000000
-194.348434 1720.000000
-190.822510 1722.000000
-186.637039 1718.000000
-182.470093 1714.000000
-179.468643 1721.000000
-176.437729 1728.000000
-173.777054 1739.000000
-170.971832 1749.000000
-166.116959 1738.000000
-161.310913 1727.000000
-158.104691 1733.000000
-154.962479 1740.000000
-151.964600 1749.000000
-149.013397 1759.000000
-143.460892 1738.000000
-138.000504 1717.000000
-134.665558 1722.000000
-131.309891 1727.000000
-127.712051 1729.000000
-124.106361 1731.000000
-119.797630 1723.000000
-115.524605 1715.000000
-112.004372 1718.000000
-108.472015 1721.000000
-105.171120 1728.000000
-101.840790 1735.000000
-98.085327 1735.000000
-94.330841 1735.000000
-90.472847 1733.000000
-86.574379 1730.000000
-82.976997 1733.000000
-79.413345 1737.000000
-75.789597 1740.000000
-72.195267 1744.000000
-68.388458 1743.000000
-64.586655 1742.000000
-60.580524 1735.000000
-56.638348 1729.000000
-52.998165 1732.000000
-49.317574 1734.000000
-45.576618 1734.000000
-41.812229 1733.000000
-38.140873 1736.000000
-34.437462 1738.000000
-30.638254 1735.000000
-26.868036 1733.000000
-23.187233 1737.000000
-19.490028 1741.000000
-15.640678 1730.000000
-11.846428 1720.000000
-8.157623 1723.000000
-4.456452 1726.000000
-0.740195 1722.000000
2.958429 1718.000000
6.665853 1721.000000
10.391656 1725.000000
14.174980 1734.000000
17.996313 1743.000000
21.730896 1742.000000
25.445864 1740.000000
29.101208 1735.000000
32.734516 1730.000000
36.408985 1728.000000
40.120594 1728.000000
43.907612 1731.000000
47.761990 1736.000000
51.518784 1737.000000
55.279030 1738.000000
58.975376 1737.000000
21.370127 592.000000
22.640270 592.000000
45.518375 1127.000000
47.978180 1128.000000
65.543449 1467.000000
68.969971 1473.000000
72.421860 1479.000000
75.285805 1473.000000
78.176804 1468.000000
81.489189 1471.000000
84.871368 1475.000000
87.912376 1473.000000
91.006042 1472.000000
94.287079 1474.000000
97.642441 1477.000000
100.941925 1479.000000
104.249641 1481.000000
107.202751 1478.000000
110.142799 1475.000000
113.607452 1479.000000
117.167465 1484.000000
120.424385 1485.000000
123.768600 1487.000000
126.352386 1480.000000
128.906250 1473.000000
132.236313 1475.000000
135.574783 1477.000000
139.203278 1482.000000
142.756714 1486.000000
145.934311 1486.000000
149.111328 1486.000000
152.390701 1487.000000
155.778595 1489.000000
158.747665 1487.000000
161.708176 1485.000000
165.436768 1490.000000
169.186493 1495.000000
172.150330 1493.000000
175.105133 1491.000000
178.051407 1489.000000
180.988510 1487.000000
184.164551 1487.000000
187.466461 1488.000000
190.516144 1487.000000
193.561310 1486.000000
197.131317 1489.000000
200.714005 1492.000000
204.172607 1494.000000
207.639374 1496.000000
210.550980 1494.000000
213.596497 1493.000000
217.218430 1496.000000
272.362671 1501.000000
275.561401 1501.000000
278.759583 1501.000000
281.957550 1501.000000
285.345367 1502.000000
287.968567 1499.000000
290.967438 1498.000000
294.550537 1500.000000
298.340424 1503.000000
301.540833 1503.000000
304.943756 1504.000000
307.940948 1503.000000
311.140289 1503.000000
313.502838 1499.000000
315.848083 1495.000000
318.602600 1493.000000
321.133026 1490.000000
324.302887 1490.000000
327.692291 1491.000000
330.419861 1489.000000
333.362610 1488.000000
336.979218 1490.000000
341.060455 1494.000000
344.236511 1494.000000
347.412262 1494.000000
350.822174 1495.000000
354.236115 1496.000000
357.653503 1497.000000
361.074890 1498.000000
364.499969 1499.000000
368.174286 1501.000000
371.114349 1500.000000
374.298828 1500.000000
377.231445 1499.000000
380.412994 1499.000000
383.082245 1497.000000
386.000519 1496.000000
389.954315 1499.000000
393.920532 1502.000000
397.634369 1504.000000
401.622681 1507.000000
405.085938 1508.000000
408.552490 1509.000000
409.839874 1502.000000
411.096954 1495.000000
414.540497 1496.000000
417.987823 1497.000000
421.438354 1498.000000
424.892517 1499.000000
428.064667 1499.000000
431.523926 1500.000000
435.856018 1504.000000
440.204010 1508.000000
443.098236 1507.000000
446.283417 1507.000000
450.064392 1509.000000
453.853088 1511.000000
455.531799 1506.000000
457.493225 1502.000000
460.663757 1502.000000
463.833282 1502.000000
466.380280 1500.000000
469.230804 1499.000000
474.282013 1505.000000
479.674988 1512.000000
481.902985 1509.000000
484.438782 1507.000000
486.641693 1504.000000
488.830811 1501.000000
492.317352 1502.000000
495.807068 1503.000000
499.632019 1505.000000
503.798218 1508.000000
507.303680 1509.000000
510.812042 1510.000000
512.621765 1506.000000
514.413452 1502.000000
517.565491 1502.000000
521.062988 1503.000000
524.563660 1504.000000
528.418030 1506.000000
531.926697 1507.000000
535.793213 1509.000000
537.881042 1506.000000
540.673584 1505.000000
543.099365 1503.000000
609.699524 1490.000000
611.958191 1488.000000
614.206909 1486.000000
616.445862 1484.000000
618.674438 1482.000000
622.991028 1485.000000
627.318054 1488.000000
632.079651 1492.000000
636.855713 1496.000000
643.357666 1504.000000
649.460876 1511.000000
650.840454 1507.000000
651.767761 1502.000000
650.492981 1492.000000
649.174927 1482.000000
655.735901 1490.000000
662.327942 1498.000000
652.515747 1469.000000
642.136780 1439.000000
645.529846 1440.000000
648.925232 1441.000000
657.299072 1453.000000
665.720032 1465.000000
669.623535 1467.000000
676.743042 1476.000000
686.660400 1491.000000
686.922974 1485.000000
687.623779 1480.000000
653.770508 1401.000000
657.557190 1403.000000
662.291504 1407.000000
668.930969 1415.000000
675.601440 1423.000000
683.732727 1434.000000
691.907043 1445.000000
700.123718 1456.000000
707.900269 1466.000000
712.805969 1470.000000
718.213013 1475.000000
724.127075 1481.000000
730.063660 1487.000000
734.543335 1490.000000
739.033264 1493.000000
743.036316 1495.000000
746.546631 1496.000000
740.539124 1478.000000
731.941772 1455.000000
734.866821 1455.000000
737.789917 1455.000000
741.219910 1456.000000
744.652527 1457.000000
749.113342 1460.000000
753.584229 1463.000000
752.377136 1455.000000
751.136230 1447.000000
754.030273 1447.000000
757.445618 1448.000000
760.338135 1448.000000
762.701965 1447.000000
767.176086 1450.000000
771.660278 1453.000000
774.022888 1452.000000
776.379517 1451.000000
777.119019 1447.000000
777.841187 1443.000000
775.840515 1434.000000
772.716309 1423.000000
778.267029 1428.000000
784.382935 1434.000000
789.422791 1438.000000
795.028198 1443.000000
792.357849 1433.000000
790.200989 1424.000000
800.258789 1437.000000
812.043152 1453.000000
804.820374 1435.000000
795.273682 1413.000000
795.805115 1409.000000
796.886108 1406.000000
798.522583 1404.000000
800.720703 1403.000000
803.486084 1403.000000
806.825134 1404.000000
812.473083 1409.000000
818.718262 1415.000000
824.405334 1420.000000
742.148254 1274.000000
748.159790 1280.000000
762.990906 1301.000000
765.546814 1301.000000
686.036865 1162.000000
684.763672 1156.000000
748.841309 1260.000000
753.698120 1264.000000
826.171021 1381.000000
829.478577 1382.000000
833.391418 1384.000000
833.686646 1380.000000
833.965332 1376.000000
839.092163 1380.000000
843.624207 1383.000000
845.107300 1381.000000
847.196045 1380.000000
846.201050 1374.000000
845.800049 1369.000000
847.238403 1367.000000
848.046936 1364.000000
850.090637 1363.000000
852.756042 1363.000000
856.676392 1365.000000
861.234131 1368.000000
863.908813 1368.000000
