-43.816826 62.000000
-43.674332 62.000000
-600.324097 855.000000
-598.370850 855.000000
-1799.732910 2580.000000
-1802.215332 2592.000000
-1820.598389 2627.000000
-1811.898071 2623.000000
-1795.656860 2608.000000
-1785.673218 2602.000000
-1742.212524 2547.000000
-1735.827881 2546.000000
-248.715942 366.000000
-247.899796 366.000000
-2.559827 4.000000
-2.551132 4.000000
-1655.767700 2605.000000
-1661.517456 2623.000000
-1677.294312 2657.000000
-1672.167725 2658.000000
-1667.041138 2659.000000
-1660.039795 2657.000000
-1653.673584 2656.000000
-1650.417725 2660.000000
-1648.384277 2666.000000
-1642.631592 2666.000000
-1636.881958 2666.000000
-1631.135132 2666.000000
-1626.000488 2667.000000
-1617.218872 2662.000000
-1607.855713 2656.000000
-1596.710693 2647.000000
-1585.005249 2637.000000
-1578.734985 2636.000000
-1573.067261 2636.000000
-1567.401245 2636.000000
-1562.328491 2637.000000
-1556.662720 2637.000000
-1550.409424 2636.000000
-1544.161377 2635.000000
-1537.334595 2633.000000
-1535.752441 2640.000000
-1534.720459 2648.000000
-1531.921997 2653.000000
-1529.102173 2658.000000
-1525.688110 2662.000000
-1522.256836 2666.000000
-1514.826538 2663.000000
-1507.408813 2660.000000
-1503.391113 2663.000000
-1499.922241 2667.000000
-1494.755127 2668.000000
-1489.583008 2669.000000
-1483.850098 2669.000000
-1478.670288 2670.000000
-1465.210327 2656.000000
-1451.260132 2641.000000
-1442.847046 2636.000000
-1432.273560 2627.000000
-1427.168457 2628.000000
-1422.598511 2630.000000
-1419.635010 2635.000000
-1417.185547 2641.000000
-1413.639526 2645.000000
-1410.075195 2649.000000
-1405.431641 2651.000000
-1400.777832 2653.000000
-1396.114014 2655.000000
-1391.963623 2658.000000
-1384.669067 2655.000000
-1377.905273 2653.000000
-1372.182739 2653.000000
-1366.973389 2654.000000
-1360.219116 2652.000000
-186.932312 366.000000
-186.141800 366.000000
-60.264400 119.000000
-60.007195 119.000000
-390.131714 777.000000
-392.450562 785.000000
-761.593140 1530.000000
-759.768188 1533.000000
-801.352112 1624.000000
-795.377869 1619.000000
-788.445740 1612.000000
-783.977295 1610.000000
-779.516235 1608.000000
-776.510315 1609.000000
-774.459534 1612.000000
-772.394470 1615.000000
-770.314880 1618.000000
-763.955566 1612.000000
-756.677551 1604.000000
-751.780884 1601.000000
-746.895752 1598.000000
-742.952698 1597.000000
-739.938843 1598.000000
-736.458313 1598.000000
-733.435242 1599.000000
-730.406311 1600.000000
-727.371643 1601.000000
-725.687805 1605.000000
-723.985107 1609.000000
-719.129028 1606.000000
-714.284973 1603.000000
-711.226074 1604.000000
-708.602783 1606.000000
-706.408508 1609.000000
-705.073486 1614.000000
-700.672607 1612.000000
-697.144104 1612.000000
-692.753845 1610.000000
-687.942993 1607.000000
-681.440430 1600.000000
-674.543518 1592.000000
-672.738770 1596.000000
-670.915161 1600.000000
-669.907104 1606.000000
-669.286560 1613.000000
-667.395813 1617.000000
-665.896851 1622.000000
-663.149841 1624.000000
-661.205139 1628.000000
-653.182617 1617.000000
-645.207214 1606.000000
-643.272461 1610.000000
-641.716431 1615.000000
-637.766541 1614.000000
-634.212891 1614.000000
-630.267578 1613.000000
-626.714233 1613.000000
-623.932617 1615.000000
-621.141235 1617.000000
-618.340271 1619.000000
-615.909119 1622.000000
-610.821350 1618.000000
-605.750427 1614.000000
-601.069519 1611.000000
-596.030029 1607.000000
-594.325745 1612.000000
-592.598450 1617.000000
-589.391479 1618.000000
-586.903503 1621.000000
-581.882568 1617.000000
-577.236267 1614.000000
-573.668884 1614.000000
-570.101074 1614.000000
-567.936646 1618.000000
-565.753967 1622.000000
-561.126892 1619.000000
-556.857056 1617.000000
-552.595581 1615.000000
-548.342529 1613.000000
-546.461975 1618.000000
-544.894470 1624.000000
-541.966797 1626.000000
-539.361084 1629.000000
-534.439392 1625.000000
-529.861938 1622.000000
-525.946350 1621.000000
-522.357117 1621.000000
-517.807739 1618.000000
-513.271301 1615.000000
-510.957184 1619.000000
-508.625214 1623.000000
-504.719513 1622.000000
-500.818237 1621.000000
-496.001038 1617.000000
-491.201477 1613.000000
-488.233429 1615.000000
-485.256561 1617.000000
-480.483582 1613.000000
-476.024017 1610.000000
-472.164703 1609.000000
-468.601074 1609.000000
-465.037598 1609.000000
-461.474274 1609.000000
-457.911133 1609.000000
-454.348053 1609.000000
-449.944794 1606.000000
-445.832855 1604.000000
-443.384521 1608.000000
-441.192291 1613.000000
-438.706757 1617.000000
-436.203918 1621.000000
-433.149902 1623.000000
-430.352081 1626.000000
-423.604523 1614.000000
-417.170654 1603.000000
-414.398285 1606.000000
-411.868805 1610.000000
-409.829468 1616.000000
-407.763885 1622.000000
-404.675568 1624.000000
-402.072845 1628.000000
-398.718658 1629.000000
-395.603119 1631.000000
-391.037323 1627.000000
-386.727844 1624.000000
-383.375824 1625.000000
-380.019989 1626.000000
-377.123505 1629.000000
-374.214325 1632.000000
-370.384155 1631.000000
-366.559113 1630.000000
-362.739044 1629.000000
-359.144714 1629.000000
-355.769287 1630.000000
-352.606232 1632.000000
-349.435028 1634.000000
-346.679016 1638.000000
-343.487335 1640.000000
-340.494812 1643.000000
-337.284821 1645.000000
-334.066833 1647.000000
-329.837555 1644.000000
-325.622528 1641.000000
-319.851624 1630.000000
-314.129974 1619.000000
-310.951294 1621.000000
-308.143890 1625.000000
-305.132385 1628.000000
-302.108551 1631.000000
-298.889404 1633.000000
-295.662231 1635.000000
-291.355438 1631.000000
-287.067139 1627.000000
-283.842804 1629.000000
-280.782501 1632.000000
-277.710052 1635.000000
-274.625336 1638.000000
-270.866577 1637.000000
-267.113129 1636.000000
-263.042847 1633.000000
-259.145538 1631.000000
-255.571335 1631.000000
-252.152664 1632.000000
-247.511978 1625.000000
-242.902893 1618.000000
-239.952820 1622.000000
-236.840332 1625.000000
-234.002975 1630.000000
-231.003235 1634.000000
-226.455917 1627.000000
-221.940277 1620.000000
-218.264923 1619.000000
-214.595093 1618.000000
-211.843582 1624.000000
-209.066925 1630.000000
-206.265091 1636.000000
-203.437958 1642.000000
-198.638214 1632.000000
-194.002731 1623.000000
-190.815598 1626.000000
-187.616425 1629.000000
-184.179031 1630.000000
-180.738388 1631.000000
-176.533875 1625.000000
-172.462982 1620.000000
-169.353333 1624.000000
-166.227219 1628.000000
-162.984695 1631.000000
-159.827866 1635.000000
-155.412064 1626.000000
-151.036331 1617.000000
-148.069183 1623.000000
-145.076935 1629.000000
-142.233307 1637.000000
-139.355911 1645.000000
-134.876358 1634.000000
-130.365067 1622.000000
-126.688850 1620.000000
-123.098274 1619.000000
-119.734665 1621.000000
-116.434853 1624.000000
-112.705719 1621.000000
-108.990562 1618.000000
-105.550102 1619.000000
-102.169167 1621.000000
-98.902237 1625.000000
-95.618813 1629.000000
-92.092796 1629.000000
-88.567688 1629.000000
-84.939026 1627.000000
-81.369911 1626.000000
-77.758018 1624.000000
-74.155701 1622.000000
-70.867630 1627.000000
-67.558876 1632.000000
-64.150963 1635.000000
-60.693661 1637.000000
-56.949184 1631.000000
-53.264290 1626.000000
-49.754631 1626.000000
-46.274334 1627.000000
-42.685368 1624.000000
-39.158249 1623.000000
-35.724113 1626.000000
-32.277691 1629.000000
-28.766407 1629.000000
-25.271147 1630.000000
-21.785585 1632.000000
-18.303387 1635.000000
-14.664266 1622.000000
-11.095695 1611.000000
-7.646292 1615.000000
-4.182765 1620.000000
-0.694632 1616.000000
2.777617 1613.000000
6.247542 1613.000000
9.722975 1614.000000
13.234886 1619.000000
16.767649 1624.000000
20.246408 1623.000000
23.720224 1622.000000
27.172310 1620.000000
30.634209 1619.000000
34.028076 1615.000000
37.404095 1611.000000
40.914490 1613.000000
44.460468 1616.000000
47.900307 1615.000000
51.335072 1614.000000
54.595512 1608.000000
57.829292 1602.000000
61.266407 1602.000000
64.703140 1602.000000
68.139221 1602.000000
71.619728 1603.000000
75.056931 1603.000000
78.591675 1605.000000
81.623512 1597.000000
84.620529 1589.000000
88.192238 1592.000000
91.833702 1596.000000
94.596817 1585.000000
97.373993 1575.000000
100.811691 1576.000000
104.253304 1577.000000
107.698692 1578.000000
111.218384 1580.000000
113.875725 1570.000000
116.490013 1560.000000
120.059807 1563.000000
123.562729 1565.000000
127.236267 1569.000000
130.843460 1572.000000
133.267624 1561.000000
135.732254 1551.000000
138.422272 1544.000000
141.174011 1538.000000
144.463318 1538.000000
82.541946 758.000000
84.827980 764.000000
87.139534 770.000000
89.015442 772.000000
90.899643 774.000000
92.672829 775.000000
94.571671 777.000000
96.355095 778.000000
98.394691 781.000000
99.422005 776.000000
100.558098 772.000000
102.471214 774.000000
104.527336 777.000000
106.186150 777.000000
107.983574 778.000000
108.798767 772.000000
109.731087 767.000000
111.803604 770.000000
137.905151 760.000000
140.809845 767.000000
143.558395 773.000000
145.768860 776.000000
148.182022 780.000000
150.419876 783.000000
152.670502 786.000000
150.809875 768.000000
149.070969 751.000000
152.876984 762.000000
156.729736 773.000000
158.785248 775.000000
161.055984 778.000000
161.038818 770.000000
161.198715 763.000000
163.675949 767.000000
166.170166 771.000000
167.375107 769.000000
168.791199 768.000000
170.646667 769.000000
172.506180 770.000000
173.238983 766.000000
173.954529 762.000000
177.417740 770.000000
180.914810 778.000000
181.629684 774.000000
182.564194 771.000000
184.202316 771.000000
186.081314 772.000000
185.289520 762.000000
184.455063 752.000000
187.536438 758.000000
190.642868 764.000000
192.768036 766.000000
195.155151 769.000000
196.019363 766.000000
197.128616 764.000000
198.749222 764.000000
200.631958 765.000000
200.932266 760.000000
201.211105 755.000000
202.811600 755.000000
204.682358 756.000000
206.284256 756.000000
208.160812 757.000000
210.318344 759.000000
212.763336 762.000000
214.939178 764.000000
217.406647 767.000000
217.030792 760.000000
216.912704 754.000000
219.087204 756.000000
221.561554 759.000000
223.754318 761.000000
225.658905 762.000000
225.181320 755.000000
224.373428 747.000000
226.555984 749.000000
229.051193 752.000000
231.558670 755.000000
234.078308 758.000000
235.988419 759.000000
238.215225 761.000000
239.189407 759.000000
240.471985 758.000000
241.111160 755.000000
242.058670 753.000000
243.644409 753.000000
245.555252 754.000000
245.503128 749.000000
245.759323 745.000000
246.662186 743.000000
247.556030 741.000000
250.794266 746.000000
254.391159 752.000000
256.651276 754.000000
258.919159 756.000000
259.471924 753.000000
260.011475 750.000000
261.933044 751.000000
263.858124 752.000000
265.786865 753.000000
268.074158 755.000000
269.654846 755.000000
271.234924 755.000000
273.898407 758.000000
308.941711 755.000000
311.325500 757.000000
314.130035 760.000000
315.700012 760.000000
317.268951 760.000000
315.900513 753.000000
314.923798 747.000000
316.887146 748.000000
319.279266 750.000000
320.823303 750.000000
322.366425 750.000000
324.772400 752.000000
327.185699 754.000000
328.298401 753.000000
329.405914 752.000000
332.708954 756.000000
335.585358 759.000000
337.584747 760.000000
340.033508 762.000000
338.454895 755.000000
337.747345 750.000000
339.280304 750.000000
341.266693 751.000000
343.712708 753.000000
345.707489 754.000000
346.323669 752.000000
347.393372 751.000000
349.851837 753.000000
352.317444 755.000000
353.852936 755.000000
355.387390 755.000000
357.866272 757.000000
360.827179 760.000000
362.845612 761.000000
364.867218 762.000000
362.564056 754.000000
360.710419 747.000000
364.161438 751.000000
368.114624 756.000000
372.086914 761.000000
376.078522 766.000000
375.159393 761.000000
375.209106 758.000000
376.736816 758.000000
378.263580 758.000000
378.787262 756.000000
379.804840 755.000000
382.332794 757.000000
384.867737 759.000000
387.918671 762.000000
391.492004 766.000000
387.897034 756.000000
384.260986 746.000000
388.340363 751.000000
392.438843 756.000000
397.598541 763.000000
402.785309 770.000000
405.373657 772.000000
408.496185 775.000000
406.338776 768.000000
404.152435 761.000000
406.202087 762.000000
408.789764 764.000000
414.069641 771.000000
419.915649 779.000000
418.218079 773.000000
417.038727 768.000000
419.108795 769.000000
421.181915 770.000000
423.257965 771.000000
425.888306 773.000000
428.525696 775.000000
431.724976 778.000000
431.593964 775.000000
432.009186 773.000000
432.976532 772.000000
434.501984 772.000000
436.591431 773.000000
438.117310 773.000000
440.211182 774.000000
442.879028 776.000000
444.981232 777.000000
447.661530 779.000000
448.042297 777.000000
448.414612 775.000000
448.778412 773.000000
449.716187 772.000000
451.818390 773.000000
453.337402 773.000000
454.267578 772.000000
455.783539 772.000000
457.891296 773.000000
460.596832 775.000000
465.098511 780.000000
470.217529 786.000000
469.357635 782.000000
469.685913 780.000000
470.005951 778.000000
470.317657 776.000000
476.093597 783.000000
481.896698 790.000000
482.831055 789.000000
483.761200 788.000000
487.766541 792.000000
492.405151 797.000000
490.865265 792.000000
489.305664 787.000000
487.726227 782.000000
486.752899 778.000000
492.039764 784.000000
497.350098 790.000000
498.894714 790.000000
