-67.138680 95.000000
-67.624771 96.000000
-1136.051880 1618.000000
-1131.655762 1617.000000
-1856.236206 2661.000000
-1857.143921 2671.000000
-1869.110718 2697.000000
-1862.324463 2696.000000
-1853.492432 2692.000000
-1841.947266 2684.000000
-1810.614990 2647.000000
-1804.006470 2646.000000
-557.232483 820.000000
-555.403931 820.000000
-5.759610 9.000000
-5.740047 9.000000
-1696.446777 2669.000000
-1702.691162 2688.000000
-1718.958374 2723.000000
-1714.317993 2725.000000
-1709.673218 2727.000000
-1701.900024 2724.000000
-1694.143677 2721.000000
-1690.747437 2725.000000
-1687.337158 2729.000000
-1681.448486 2729.000000
-1675.562988 2729.000000
-1669.680298 2729.000000
-1663.800293 2729.000000
-1654.885132 2724.000000
-1642.967041 2714.000000
-1633.506836 2708.000000
-1625.877563 2705.000000
-1620.658936 2706.000000
-1616.034180 2708.000000
-1611.402588 2710.000000
-1606.763306 2712.000000
-1600.936401 2712.000000
-1595.698242 2713.000000
-1586.940796 2708.000000
-1576.453979 2700.000000
-1572.982788 2704.000000
-1569.495117 2708.000000
-1566.567749 2713.000000
-1566.495605 2723.000000
-1562.368774 2726.000000
-1556.516235 2726.000000
-1548.957031 2723.000000
-1542.543945 2722.000000
-1538.957642 2726.000000
-1534.791016 2729.000000
-1530.051025 2731.000000
-1525.301758 2733.000000
-1518.875366 2732.000000
-1513.560303 2733.000000
-1501.068237 2721.000000
-1488.077393 2708.000000
-1483.351929 2710.000000
-1478.071411 2711.000000
-1470.070435 2707.000000
-1462.625977 2704.000000
-1458.964600 2708.000000
-1455.284790 2712.000000
-1449.982544 2713.000000
-1444.142700 2713.000000
-1439.361328 2715.000000
-1436.153687 2720.000000
-1430.819702 2721.000000
-1425.479614 2722.000000
-1418.568726 2720.000000
-1411.145264 2717.000000
-1405.284790 2717.000000
-1398.392090 2715.000000
-1386.377197 2703.000000
-709.934204 1390.000000
-706.931946 1390.000000
-229.916275 454.000000
-229.439270 455.000000
-508.627289 1013.000000
-510.935638 1022.000000
-833.272522 1674.000000
-830.640198 1676.000000
-857.111206 1737.000000
-849.418335 1729.000000
-839.313232 1716.000000
-835.593201 1716.000000
-831.871765 1716.000000
-827.183716 1714.000000
-822.022522 1711.000000
-819.264221 1713.000000
-816.495667 1715.000000
-811.821289 1713.000000
-807.625916 1712.000000
-803.433533 1711.000000
-798.776489 1709.000000
-793.661438 1706.000000
-788.558105 1703.000000
-787.153198 1708.000000
-785.266479 1712.000000
-779.252197 1707.000000
-773.258301 1702.000000
-769.997742 1703.000000
-768.081116 1707.000000
-763.458923 1705.000000
-758.844238 1703.000000
-756.010254 1705.000000
-753.166260 1707.000000
-751.190125 1711.000000
-749.195190 1715.000000
-745.007935 1714.000000
-740.391235 1712.000000
-736.212341 1711.000000
-732.036438 1710.000000
-727.863525 1709.000000
-723.693726 1708.000000
-719.948547 1708.000000
-716.201965 1708.000000
-714.122681 1712.000000
-711.609680 1715.000000
-708.669495 1717.000000
-705.719238 1719.000000
-703.167480 1722.000000
-700.601257 1725.000000
-692.769409 1715.000000
-684.578552 1704.000000
-681.629089 1706.000000
-679.067139 1709.000000
-674.515137 1707.000000
-670.363831 1706.000000
-666.215881 1705.000000
-662.848389 1706.000000
-658.702881 1705.000000
-654.944885 1705.000000
-650.804077 1704.000000
-647.046326 1704.000000
-644.042786 1706.000000
-641.029602 1708.000000
-634.275696 1700.000000
-627.927124 1693.000000
-625.664246 1697.000000
-623.382813 1701.000000
-620.354553 1703.000000
-617.678833 1706.000000
-612.470093 1702.000000
-607.635925 1699.000000
-603.880676 1699.000000
-600.124939 1699.000000
-597.070557 1701.000000
-594.355591 1704.000000
-590.933533 1705.000000
-587.506592 1706.000000
-583.390381 1705.000000
-579.278137 1704.000000
-576.520752 1707.000000
-574.085266 1711.000000
-570.965027 1713.000000
-567.835693 1715.000000
-563.381348 1713.000000
-559.589050 1713.000000
-555.147583 1711.000000
-550.714539 1709.000000
-546.610413 1708.000000
-542.510254 1707.000000
-539.045654 1708.000000
-535.889771 1710.000000
-530.857910 1706.000000
-526.152649 1703.000000
-521.767334 1701.000000
-517.390747 1699.000000
-513.929932 1700.000000
-510.764771 1702.000000
-506.399292 1700.000000
-502.042725 1698.000000
-498.281952 1698.000000
-494.521210 1698.000000
-490.471588 1697.000000
-486.426575 1696.000000
-482.670776 1696.000000
-478.915039 1696.000000
-474.879486 1695.000000
-471.126343 1695.000000
-468.476563 1699.000000
-465.809357 1703.000000
-462.581970 1705.000000
-459.884338 1709.000000
-456.902405 1712.000000
-453.907654 1715.000000
-447.225586 1704.000000
-440.592590 1693.000000
-437.363068 1695.000000
-434.380890 1698.000000
-431.639679 1702.000000
-428.629730 1705.000000
-424.111938 1702.000000
-419.854950 1700.000000
-416.831085 1703.000000
-414.037109 1707.000000
-409.303345 1703.000000
-405.064056 1701.000000
-401.541962 1702.000000
-398.249756 1704.000000
-395.180969 1707.000000
-392.099548 1710.000000
-388.097198 1709.000000
-384.324860 1709.000000
-380.107758 1707.000000
-375.900391 1705.000000
-372.357300 1706.000000
-369.026611 1708.000000
-365.687836 1710.000000
-362.552582 1713.000000
-359.405060 1716.000000
-356.245026 1719.000000
-352.457520 1719.000000
-348.670868 1719.000000
-343.881744 1714.000000
-339.115723 1709.000000
-333.587585 1700.000000
-327.905884 1690.000000
-325.146484 1695.000000
-322.365906 1700.000000
-318.814606 1701.000000
-315.259827 1702.000000
-311.884613 1704.000000
-308.501404 1706.000000
-304.574524 1705.000000
-300.652985 1704.000000
-297.259552 1706.000000
-294.030212 1709.000000
-290.449066 1710.000000
-287.032104 1712.000000
-283.110992 1711.000000
-279.195282 1710.000000
-275.929199 1713.000000
-272.651001 1716.000000
-268.420410 1713.000000
-264.513092 1712.000000
-259.544861 1704.000000
-254.762802 1697.000000
-251.639801 1701.000000
-248.645905 1706.000000
-245.487778 1710.000000
-242.454437 1715.000000
-237.590805 1707.000000
-232.763290 1699.000000
-229.454529 1702.000000
-226.133896 1705.000000
-223.061905 1710.000000
-219.969193 1715.000000
-216.477478 1717.000000
-212.977997 1719.000000
-207.766815 1707.000000
-202.728683 1696.000000
-199.499695 1700.000000
-196.369553 1705.000000
-192.879517 1707.000000
-189.381912 1709.000000
-185.007492 1703.000000
-180.766754 1698.000000
-177.800140 1705.000000
-174.804047 1712.000000
-172.178192 1723.000000
-169.603271 1735.000000
-164.587692 1722.000000
-159.723022 1710.000000
-156.644974 1717.000000
-153.537537 1724.000000
-150.574417 1733.000000
-147.573257 1742.000000
-142.387833 1725.000000
-137.277145 1708.000000
-133.570709 1708.000000
-129.865250 1708.000000
-126.382484 1711.000000
-122.887527 1714.000000
-118.824234 1709.000000
-114.783638 1704.000000
-111.287224 1707.000000
-107.841728 1711.000000
-104.440765 1716.000000
-101.136414 1723.000000
-97.463463 1724.000000
-93.841515 1726.000000
-89.898582 1722.000000
-85.973862 1718.000000
-82.402428 1721.000000
-78.819000 1724.000000
-75.223358 1727.000000
-71.657112 1731.000000
-67.839149 1729.000000
-64.030518 1727.000000
-60.126606 1722.000000
-56.278011 1718.000000
-52.661575 1721.000000
-49.061600 1725.000000
-45.313778 1724.000000
-41.595085 1724.000000
-37.877228 1724.000000
-34.160061 1724.000000
-30.426346 1723.000000
-26.697495 1722.000000
-23.040394 1726.000000
-19.378082 1731.000000
-15.523147 1717.000000
-11.743116 1705.000000
-8.086605 1708.000000
-4.420305 1712.000000
-0.735897 1712.000000
2.946375 1711.000000
6.634867 1713.000000
10.325390 1714.000000
14.060534 1720.000000
17.820789 1726.000000
21.518826 1725.000000
25.226501 1725.000000
28.849613 1720.000000
32.469612 1716.000000
36.092937 1713.000000
39.725887 1711.000000
43.425667 1712.000000
47.129196 1713.000000
50.747631 1711.000000
54.388458 1710.000000
58.024708 1709.000000
61.655701 1708.000000
65.320236 1708.000000
69.024757 1709.000000
72.690346 1709.000000
66.940216 1257.000000
70.188171 1267.000000
73.536011 1278.000000
76.393646 1280.000000
79.321167 1283.000000
82.069420 1283.000000
84.883476 1284.000000
87.496651 1282.000000
90.171364 1281.000000
93.058952 1283.000000
96.029587 1286.000000
98.475159 1282.000000
100.981934 1279.000000
103.881233 1281.000000
106.872147 1284.000000
109.277740 1280.000000
111.753761 1277.000000
114.843872 1281.000000
117.950981 1285.000000
120.135620 1279.000000
122.294273 1273.000000
125.802055 1281.000000
129.343536 1289.000000
132.304230 1291.000000
135.377762 1294.000000
138.250320 1295.000000
141.127136 1296.000000
143.452545 1292.000000
145.760666 1288.000000
148.512802 1288.000000
151.264526 1288.000000
154.135834 1289.000000
157.010880 1290.000000
160.013855 1292.000000
163.025269 1294.000000
165.020035 1288.000000
167.249481 1284.000000
170.123398 1285.000000
173.001480 1286.000000
176.156952 1289.000000
179.324905 1292.000000
182.223831 1293.000000
185.126495 1294.000000
187.888123 1294.000000
236.071854 1301.000000
237.559250 1294.000000
239.202103 1288.000000
242.134094 1289.000000
245.260239 1291.000000
248.010284 1291.000000
250.760315 1291.000000
254.295303 1295.000000
257.847107 1299.000000
260.813751 1300.000000
263.987213 1302.000000
266.144562 1299.000000
268.702667 1298.000000
271.465424 1298.000000
274.439240 1299.000000
276.563263 1296.000000
278.674500 1293.000000
280.989960 1291.000000
283.516449 1290.000000
286.482239 1291.000000
289.451935 1292.000000
292.425598 1293.000000
295.403076 1294.000000
298.384399 1295.000000
301.602203 1297.000000
304.593445 1298.000000
307.825500 1300.000000
310.348633 1299.000000
312.867279 1298.000000
315.867554 1299.000000
319.117065 1301.000000
321.879822 1301.000000
324.891357 1302.000000
326.648712 1298.000000
328.388519 1294.000000
331.902252 1297.000000
335.686279 1301.000000
338.706146 1302.000000
341.992249 1304.000000
344.228699 1302.000000
346.989197 1302.000000
350.017883 1303.000000
353.049988 1304.000000
354.994476 1301.000000
357.200653 1299.000000
359.951965 1299.000000
362.982086 1300.000000
366.015533 1301.000000
369.336182 1303.000000
372.379150 1304.000000
375.425812 1305.000000
378.476044 1306.000000
381.821503 1308.000000
384.292877 1307.000000
387.055359 1307.000000
390.115448 1308.000000
393.479492 1310.000000
393.826294 1302.000000
394.443237 1295.000000
397.790192 1297.000000
401.144745 1299.000000
404.507172 1301.000000
407.877075 1303.000000
411.884796 1307.000000
415.908691 1311.000000
417.393768 1307.000000
418.539673 1302.000000
421.281555 1302.000000
424.022461 1302.000000
427.090210 1303.000000
430.161285 1304.000000
433.567719 1306.000000
437.315582 1309.000000
440.066620 1309.000000
443.154816 1310.000000
445.225311 1308.000000
447.628754 1307.000000
450.371582 1307.000000
453.460022 1308.000000
456.900513 1310.000000
460.348236 1312.000000
463.803345 1314.000000
466.910583 1315.000000
467.877930 1310.000000
468.823273 1305.000000
472.276001 1307.000000
534.816956 1307.000000
537.930969 1308.000000
541.460999 1310.000000
544.582520 1311.000000
547.706421 1312.000000
549.574585 1310.000000
551.854370 1309.000000
554.976135 1310.000000
558.100159 1311.000000
561.654663 1313.000000
565.215759 1315.000000
568.783569 1317.000000
572.791931 1320.000000
573.323242 1315.000000
573.832092 1310.000000
577.399658 1312.000000
581.416016 1315.000000
584.554626 1316.000000
588.141907 1318.000000
589.045959 1314.000000
589.932068 1310.000000
593.062012 1311.000000
596.194275 1312.000000
599.329041 1313.000000
602.007874 1313.000000
605.145386 1314.000000
608.285339 1315.000000
610.498413 1314.000000
613.172363 1314.000000
613.501343 1309.000000
613.808167 1304.000000
617.874756 1307.000000
621.952087 1310.000000
625.086243 1311.000000
628.222839 1312.000000
628.476440 1307.000000
628.708130 1302.000000
626.493408 1292.000000
624.236694 1282.000000
629.760742 1288.000000
635.798523 1295.000000
643.341675 1305.000000
650.428467 1314.000000
656.555847 1321.000000
662.709839 1328.000000
670.393311 1338.000000
601.651123 1196.000000
603.045349 1194.000000
685.054443 1351.000000
692.348267 1360.000000
700.188049 1370.000000
689.594727 1344.000000
658.291626 1278.000000
664.987671 1286.000000
671.714111 1294.000000
680.034241 1305.000000
688.396729 1316.000000
704.152954 1341.000000
721.588745 1369.000000
732.256348 1384.000000
743.513000 1400.000000
753.766052 1414.000000
765.143127 1430.000000
763.692688 1422.000000
761.669861 1413.000000
760.691650 1406.000000
759.683838 1399.000000
765.186890 1404.000000
771.802185 1411.000000
776.796387 1415.000000
782.907227 1421.000000
783.510864 1417.000000
784.651855 1414.000000
793.575989 1425.000000
803.660034 1438.000000
799.772705 1426.000000
795.836548 1414.000000
793.545898 1405.000000
791.218323 1396.000000
793.403870 1395.000000
796.154907 1395.000000
800.049927 1397.000000
804.526489 1400.000000
810.166565 1405.000000
815.825317 1410.000000
819.760803 1412.000000
793.411194 1362.000000
800.180298 1369.000000
812.253967 1385.000000
814.974854 1385.000000
792.898071 1343.000000
791.387817 1336.000000
809.461792 1362.000000
812.729858 1363.000000
826.171021 1381.000000
829.478577 1382.000000
832.187073 1382.000000
833.082520 1379.000000
833.965332 1376.000000
837.268066 1377.000000
840.574219 1378.000000
842.047546 1376.000000
843.512573 1374.000000
844.353455 1371.000000
845.182251 1368.000000
844.139526 1362.000000
843.694763 1357.000000
845.101074 1355.000000
847.125183 1354.000000
849.772766 1354.000000
853.049866 1355.000000
855.699158 1355.000000
