-15.547906 22.000000
-15.497344 22.000000
-424.088593 604.000000
-424.108459 606.000000
-1792.059570 2569.000000
-1793.871704 2580.000000
-1809.509888 2611.000000
-1802.227173 2609.000000
-1786.706177 2595.000000
-1776.751709 2589.000000
-1708.695313 2498.000000
-1702.420288 2497.000000
-156.296906 230.000000
-155.784027 230.000000
-1634.792480 2572.000000
-1641.880859 2592.000000
-1660.249878 2630.000000
-1655.810913 2632.000000
-1651.994507 2635.000000
-1646.294678 2635.000000
-1640.598511 2635.000000
-1638.008545 2640.000000
-1636.018311 2646.000000
-1629.076538 2644.000000
-1622.760254 2643.000000
-1617.062988 2643.000000
-1611.368286 2643.000000
-1602.638428 2638.000000
-1593.932251 2633.000000
-1582.233521 2623.000000
-1569.377563 2611.000000
-1563.163208 2610.000000
-1556.357910 2608.000000
-1550.752075 2608.000000
-1544.554565 2607.000000
-1538.953247 2607.000000
-1532.176147 2605.000000
-1527.166870 2606.000000
-1522.153931 2607.000000
-1521.209351 2615.000000
-1520.230957 2623.000000
-1518.641113 2630.000000
-1518.171875 2639.000000
-1513.652222 2641.000000
-1509.124146 2643.000000
-1502.312012 2641.000000
-1496.074951 2640.000000
-1491.535522 2642.000000
-1487.549438 2645.000000
-1481.869263 2645.000000
-1476.746582 2646.000000
-1469.951050 2644.000000
-1464.271240 2644.000000
-1450.315552 2629.000000
-1435.873779 2613.000000
-1425.331543 2604.000000
-1413.736328 2593.000000
-1408.704346 2594.000000
-1403.125732 2594.000000
-1401.317139 2601.000000
-1399.477417 2608.000000
-1396.536865 2613.000000
-1393.573730 2618.000000
-1389.527100 2621.000000
-1385.993896 2625.000000
-1381.916260 2628.000000
-1377.823975 2631.000000
-1371.109253 2629.000000
-1364.920776 2628.000000
-1359.252319 2628.000000
-1353.581787 2628.000000
-1347.396606 2627.000000
-78.143837 153.000000
-77.813377 153.000000
-28.866140 57.000000
-28.742943 57.000000
-354.482605 706.000000
-356.955017 714.000000
-754.624329 1516.000000
-752.829651 1519.000000
-784.081604 1589.000000
-777.200623 1582.000000
-768.881348 1572.000000
-764.012695 1569.000000
-758.670959 1565.000000
-756.240906 1567.000000
-753.800903 1569.000000
-752.785706 1574.000000
-751.747314 1579.000000
-745.946716 1574.000000
-738.751282 1566.000000
-734.406799 1564.000000
-730.536987 1563.000000
-728.065735 1565.000000
-726.047607 1568.000000
-724.475891 1572.000000
-722.885498 1576.000000
-718.537170 1574.000000
-713.741943 1571.000000
-711.219299 1573.000000
-709.136414 1576.000000
-705.695740 1576.000000
-701.808350 1575.000000
-698.810608 1576.000000
-696.248596 1578.000000
-693.237427 1579.000000
-690.657471 1581.000000
-685.894104 1578.000000
-681.142639 1575.000000
-677.263733 1574.000000
-673.387878 1573.000000
-667.385681 1567.000000
-661.408569 1561.000000
-659.671814 1565.000000
-657.916199 1569.000000
-656.976135 1575.000000
-656.008667 1581.000000
-653.775452 1584.000000
-651.938477 1588.000000
-649.674500 1591.000000
-647.802368 1595.000000
-640.256287 1585.000000
-632.753052 1575.000000
-630.486877 1578.000000
-628.206604 1581.000000
-625.516968 1583.000000
-622.817505 1585.000000
-618.936035 1584.000000
-615.058044 1583.000000
-611.569885 1583.000000
-608.080750 1583.000000
-606.118591 1587.000000
-604.137756 1591.000000
-599.495850 1588.000000
-594.866455 1585.000000
-589.130188 1579.000000
-583.790466 1574.000000
-582.527710 1580.000000
-581.237610 1586.000000
-578.827637 1589.000000
-576.403687 1592.000000
-571.086975 1587.000000
-566.506958 1584.000000
-563.361328 1585.000000
-560.210815 1586.000000
-558.108276 1590.000000
-556.336365 1595.000000
-552.115601 1593.000000
-548.247681 1592.000000
-543.699341 1589.000000
-539.503784 1587.000000
-537.005310 1590.000000
-534.828674 1594.000000
-530.967468 1593.000000
-527.441528 1593.000000
-523.586182 1592.000000
-519.408386 1590.000000
-515.239258 1588.000000
-511.078583 1586.000000
-507.886841 1587.000000
-505.008087 1589.000000
-502.435974 1592.000000
-499.850403 1595.000000
-495.695557 1593.000000
-491.858521 1592.000000
-487.105530 1588.000000
-482.674713 1585.000000
-479.768707 1587.000000
-477.153931 1590.000000
-472.142883 1585.000000
-467.449677 1581.000000
-463.654602 1580.000000
-460.155212 1580.000000
-456.944946 1581.000000
-454.017273 1583.000000
-450.796295 1584.000000
-447.853333 1586.000000
-443.501007 1583.000000
-439.162018 1580.000000
-436.491119 1583.000000
-433.807190 1586.000000
-431.381409 1590.000000
-429.207428 1595.000000
-426.744720 1599.000000
-424.264709 1603.000000
-417.830505 1592.000000
-411.185028 1580.000000
-408.463562 1583.000000
-405.984985 1587.000000
-403.742889 1592.000000
-401.730377 1598.000000
-398.445953 1599.000000
-395.157593 1600.000000
-391.865295 1601.000000
-388.569122 1602.000000
-384.548065 1600.000000
-380.774506 1599.000000
-377.477753 1600.000000
-374.410858 1602.000000
-371.567352 1605.000000
-368.940460 1609.000000
-364.933990 1607.000000
-361.386810 1607.000000
-357.617493 1606.000000
-354.073914 1606.000000
-350.749207 1607.000000
-347.852966 1610.000000
-344.944122 1613.000000
-342.022766 1616.000000
-339.089020 1619.000000
-336.142792 1622.000000
-332.774017 1623.000000
-329.604492 1625.000000
-325.223053 1621.000000
-321.058655 1618.000000
-315.927063 1610.000000
-310.831512 1602.000000
-307.882050 1605.000000
-304.920227 1608.000000
-302.320953 1613.000000
-299.885803 1619.000000
-296.693024 1621.000000
-293.673065 1624.000000
-289.390442 1620.000000
-285.126312 1616.000000
-281.926117 1618.000000
-278.717926 1620.000000
-275.501953 1622.000000
-272.445770 1625.000000
-268.550049 1623.000000
-264.827332 1622.000000
-261.109894 1621.000000
-257.556671 1621.000000
-253.847687 1620.000000
-250.144104 1619.000000
-245.684204 1613.000000
-241.251511 1607.000000
-238.177582 1610.000000
-235.091354 1613.000000
-231.993134 1616.000000
-229.024017 1620.000000
-224.368118 1612.000000
-219.885269 1605.000000
-216.107880 1603.000000
-212.473022 1602.000000
-209.495575 1606.000000
-206.501694 1610.000000
-203.617432 1615.000000
-200.836136 1621.000000
-196.325638 1613.000000
-191.851135 1605.000000
-188.703247 1608.000000
-185.658493 1612.000000
-181.919174 1610.000000
-178.300476 1609.000000
-174.252518 1604.000000
-170.227356 1599.000000
-167.059143 1602.000000
-163.878799 1605.000000
-160.986099 1611.000000
-157.970551 1616.000000
-153.309326 1604.000000
-148.701187 1592.000000
-145.697159 1597.000000
-142.761398 1603.000000
-139.974258 1611.000000
-137.068619 1618.000000
-132.730225 1608.000000
-128.436111 1598.000000
-124.968384 1598.000000
-121.577599 1599.000000
-118.257370 1601.000000
-115.000931 1604.000000
-111.245621 1600.000000
-107.508614 1596.000000
-103.920235 1594.000000
-100.404373 1593.000000
-97.198074 1597.000000
-93.975273 1601.000000
-90.509857 1601.000000
-87.045349 1601.000000
-83.477257 1599.000000
-79.918663 1597.000000
-76.417358 1596.000000
-72.921295 1595.000000
-69.648026 1599.000000
-66.399780 1604.000000
-62.934643 1604.000000
-59.470150 1604.000000
-55.866764 1600.000000
-52.281551 1596.000000
-48.897846 1598.000000
-45.506413 1600.000000
-41.923130 1595.000000
-38.386185 1591.000000
-35.064995 1596.000000
-31.722887 1601.000000
-28.236639 1599.000000
-24.759523 1597.000000
-21.345070 1599.000000
-17.933962 1602.000000
-14.384000 1591.000000
-10.882184 1580.000000
-7.494787 1583.000000
-4.097561 1587.000000
-0.680877 1584.000000
2.724234 1582.000000
6.123599 1581.000000
9.518154 1580.000000
12.948771 1584.000000
16.395952 1588.000000
19.834743 1590.000000
23.296125 1593.000000
26.669119 1590.000000
30.047636 1588.000000
33.374905 1584.000000
36.707558 1581.000000
40.178890 1584.000000
43.662601 1587.000000
47.069836 1587.000000
50.476307 1587.000000
53.678799 1581.000000
56.854641 1575.000000
60.310314 1577.000000
63.814583 1580.000000
67.033348 1576.000000
70.279373 1573.000000
73.699074 1574.000000
77.122673 1575.000000
80.192413 1569.000000
83.235924 1563.000000
86.696518 1565.000000
90.280121 1569.000000
93.164436 1561.000000
96.075676 1554.000000
99.212524 1551.000000
102.336151 1548.000000
105.719437 1549.000000
109.177032 1551.000000
111.772293 1541.000000
114.324493 1531.000000
117.755394 1533.000000
121.273064 1536.000000
124.803452 1539.000000
128.346451 1542.000000
131.047913 1535.000000
133.719452 1528.000000
136.270630 1520.000000
138.879257 1513.000000
143.148300 1524.000000
147.560089 1536.000000
153.692596 1565.000000
160.349869 1598.000000
165.405914 1614.000000
170.529953 1630.000000
175.935547 1648.000000
181.418060 1666.000000
184.534164 1662.000000
187.746078 1659.000000
191.290955 1659.000000
85.796143 681.000000
88.147346 688.000000
90.658600 696.000000
92.674225 700.000000
94.706879 704.000000
95.936523 702.000000
97.018661 699.000000
98.228935 697.000000
99.430382 695.000000
100.623238 693.000000
123.751732 682.000000
126.306618 688.000000
128.886841 694.000000
130.177597 693.000000
131.464050 692.000000
132.553909 690.000000
133.829483 689.000000
134.118683 683.000000
134.580704 678.000000
136.826904 682.000000
139.292801 687.000000
142.394516 695.000000
145.737030 704.000000
144.934937 693.000000
144.297150 683.000000
146.177353 685.000000
148.281555 688.000000
149.309921 686.000000
150.549438 685.000000
151.562637 683.000000
152.791199 682.000000
154.015335 681.000000
155.235016 680.000000
157.602264 684.000000
159.753830 687.000000
160.979279 686.000000
162.437149 686.000000
163.416840 684.000000
164.628937 683.000000
165.107056 679.000000
165.813324 676.000000
167.496277 677.000000
169.432602 679.000000
171.628983 682.000000
173.837814 685.000000
175.803268 687.000000
177.776978 689.000000
176.897217 680.000000
175.979141 671.000000
177.666428 672.000000
179.357712 673.000000
181.052994 674.000000
183.022842 676.000000
183.090927 671.000000
183.412491 667.000000
185.379410 669.000000
187.633820 672.000000
190.181793 676.000000
192.746445 680.000000
191.615341 671.000000
190.445892 662.000000
192.425797 664.000000
194.413696 666.000000
196.409836 668.000000
198.413986 670.000000
198.338516 665.000000
198.541946 661.000000
199.030487 658.000000
199.810623 656.000000
202.728851 661.000000
205.976563 667.000000
207.383759 667.000000
208.790482 667.000000
208.936203 663.000000
209.381943 660.000000
210.772675 660.000000
212.484436 661.000000
213.876434 661.000000
215.267929 661.000000
216.003418 659.000000
216.730042 657.000000
218.111786 657.000000
219.492996 657.000000
221.209961 658.000000
223.268845 660.000000
225.335739 662.000000
227.752960 665.000000
228.459335 663.000000
229.156784 661.000000
230.194153 660.000000
231.577621 660.000000
233.313568 661.000000
235.053085 662.000000
236.081924 661.000000
237.106018 660.000000
240.654800 666.000000
269.249847 658.000000
270.610535 658.000000
272.797150 660.000000
274.575958 661.000000
277.192871 664.000000
278.143494 663.000000
279.510681 663.000000
275.793488 651.000000
272.025940 639.000000
274.624756 642.000000
277.235107 645.000000
278.993317 646.000000
280.754822 647.000000
283.827698 651.000000
287.354095 656.000000
289.580017 658.000000
291.813354 660.000000
292.277313 658.000000
292.732239 656.000000
292.729858 653.000000
293.164703 651.000000
294.495300 651.000000
296.279480 652.000000
300.349213 658.000000
304.901154 665.000000
301.191071 654.000000
297.435333 643.000000
300.138489 646.000000
303.786285 651.000000
306.516327 654.000000
309.728363 658.000000
308.701019 653.000000
308.602203 650.000000
309.920715 650.000000
312.196106 652.000000
313.036072 651.000000
314.354065 651.000000
315.671234 651.000000
316.987579 651.000000
318.791931 652.000000
321.090546 654.000000
323.396271 656.000000
326.204224 659.000000
327.532410 659.000000
328.859772 659.000000
328.683136 656.000000
328.493439 653.000000
329.806213 653.000000
330.611023 652.000000
330.901764 650.000000
331.183838 648.000000
331.457001 646.000000
332.236389 645.000000
334.045105 646.000000
336.376129 648.000000
342.883148 658.000000
349.952423 669.000000
348.663361 664.000000
347.880646 660.000000
347.610138 657.000000
347.857880 655.000000
348.097046 653.000000
348.862457 652.000000
354.456512 660.000000
360.620758 669.000000
360.868652 667.000000
361.107758 665.000000
362.428284 665.000000
364.295013 666.000000
365.615845 666.000000
367.487061 667.000000
367.149750 664.000000
366.799774 661.000000
368.664795 662.000000
370.533112 663.000000
371.843842 663.000000
372.591064 662.000000
375.592896 665.000000
379.172699 669.000000
376.511383 662.000000
374.392578 656.000000
376.830963 658.000000
379.851440 661.000000
380.576477 660.000000
381.875671 660.000000
382.593750 659.000000
384.472382 660.000000
386.354401 661.000000
388.239807 662.000000
390.128784 663.000000
392.611450 665.000000
395.101532 667.000000
398.193390 670.000000
400.103973 671.000000
402.018036 672.000000
400.934631 668.000000
401.039520 666.000000
401.740295 665.000000
403.042847 665.000000
406.777283 669.000000
410.527191 673.000000
412.456421 674.000000
415.003265 676.000000
415.094269 674.000000
415.177246 672.000000
412.773071 666.000000
410.967010 661.000000
413.507019 663.000000
416.054840 665.000000
419.237976 668.000000
423.691925 673.000000
425.007782 673.000000
