-64.311790 91.000000
-64.102646 91.000000
-959.114258 1366.000000
-955.993652 1366.000000
-1831.123535 2625.000000
-1832.808472 2636.000000
-1845.547607 2663.000000
-1838.838135 2662.000000
-1830.082764 2658.000000
-1817.927856 2649.000000
-1785.306152 2610.000000
-1778.780396 2609.000000
-490.636383 722.000000
-489.026367 722.000000
-7.679480 12.000000
-7.653396 12.000000
-1681.192139 2645.000000
-1687.488647 2664.000000
-1701.282715 2695.000000
-1696.702881 2697.000000
-1692.118896 2699.000000
-1686.280518 2699.000000
-1681.068726 2700.000000
-1677.717896 2704.000000
-1674.352905 2708.000000
-1668.509521 2708.000000
-1662.055298 2707.000000
-1654.996460 2705.000000
-1648.558350 2704.000000
-1640.304688 2700.000000
-1633.281128 2698.000000
-1623.252197 2691.000000
-1609.648926 2678.000000
-1605.686157 2681.000000
-1601.711914 2684.000000
-1597.131958 2686.000000
-1593.729126 2690.000000
-1587.359131 2689.000000
-1581.582275 2689.000000
-1572.876343 2684.000000
-1563.608887 2678.000000
-1560.766602 2683.000000
-1559.642212 2691.000000
-1556.751465 2696.000000
-1554.989990 2703.000000
-1550.906006 2706.000000
-1546.809326 2709.000000
-1539.855591 2707.000000
-1534.043457 2707.000000
-1529.924805 2710.000000
-1525.792603 2713.000000
-1520.526733 2714.000000
-1514.697754 2714.000000
-1508.868164 2714.000000
-1503.037842 2714.000000
-1490.586792 2702.000000
-1477.636719 2689.000000
-1471.309937 2688.000000
-1465.531494 2688.000000
-1458.123047 2685.000000
-1450.725952 2682.000000
-1447.650635 2687.000000
-1444.552612 2692.000000
-1439.293457 2693.000000
-1434.561157 2695.000000
-1429.818604 2697.000000
-1425.593750 2700.000000
-1420.828735 2702.000000
-1416.053223 2704.000000
-1409.702637 2703.000000
-1404.912842 2705.000000
-1399.078125 2705.000000
-1394.271606 2707.000000
-1381.761108 2694.000000
-701.762268 1374.000000
-698.794617 1374.000000
-132.682968 262.000000
-132.116684 262.000000
-410.717804 818.000000
-412.947968 826.000000
-803.406067 1614.000000
-801.399292 1617.000000
-839.840698 1702.000000
-833.206177 1696.000000
-828.552795 1694.000000
-823.906616 1692.000000
-819.267639 1690.000000
-815.118652 1689.000000
-810.492126 1687.000000
-809.220703 1692.000000
-808.402161 1698.000000
-802.342896 1693.000000
-795.360596 1686.000000
-790.285583 1683.000000
-784.287292 1678.000000
-779.239685 1675.000000
-774.203857 1672.000000
-773.327332 1678.000000
-772.882019 1685.000000
-768.752625 1684.000000
-764.171875 1682.000000
-761.407043 1684.000000
-758.632019 1686.000000
-752.712280 1681.000000
-746.367615 1675.000000
-744.038208 1678.000000
-741.694458 1681.000000
-739.336182 1684.000000
-737.400269 1688.000000
-732.837463 1686.000000
-728.714539 1685.000000
-724.164429 1683.000000
-719.621765 1681.000000
-715.512451 1680.000000
-711.829895 1680.000000
-708.567627 1681.000000
-705.718872 1683.000000
-702.443115 1684.000000
-699.991577 1687.000000
-697.525574 1690.000000
-695.866272 1695.000000
-693.367249 1698.000000
-690.853760 1701.000000
-682.670776 1690.000000
-674.133118 1678.000000
-671.640381 1681.000000
-669.530762 1685.000000
-666.217041 1686.000000
-662.897888 1687.000000
-659.182556 1687.000000
-655.466125 1687.000000
-652.135132 1688.000000
-649.182861 1690.000000
-644.693237 1688.000000
-640.970764 1688.000000
-636.492432 1686.000000
-632.397461 1685.000000
-626.440552 1679.000000
-620.509216 1673.000000
-618.659180 1678.000000
-616.419678 1682.000000
-613.433411 1684.000000
-610.799622 1687.000000
-605.632874 1683.000000
-600.483093 1679.000000
-596.416565 1678.000000
-592.354065 1677.000000
-589.699341 1680.000000
-587.379578 1684.000000
-583.308594 1683.000000
-579.241577 1682.000000
-574.836304 1680.000000
-570.779358 1679.000000
-568.415039 1683.000000
-566.703674 1689.000000
-563.298828 1690.000000
-560.220398 1692.000000
-555.159180 1688.000000
-550.442261 1685.000000
-546.387207 1684.000000
-542.336243 1683.000000
-538.289612 1682.000000
-534.564880 1682.000000
-531.786804 1685.000000
-529.308655 1689.000000
-524.945618 1687.000000
-520.900391 1686.000000
-516.859497 1685.000000
-512.822876 1684.000000
-509.395264 1685.000000
-506.263336 1687.000000
-501.037415 1682.000000
-495.833710 1677.000000
-492.412903 1678.000000
-489.570190 1681.000000
-485.269165 1679.000000
-480.977234 1677.000000
-476.978912 1676.000000
-472.985077 1675.000000
-468.996002 1674.000000
-465.289398 1674.000000
-462.686096 1678.000000
-460.065369 1682.000000
-456.884460 1684.000000
-453.964233 1687.000000
-450.764130 1689.000000
-447.555573 1691.000000
-441.189117 1681.000000
-434.867218 1671.000000
-431.428345 1672.000000
-427.985413 1673.000000
-425.299500 1677.000000
-422.847626 1682.000000
-418.879059 1681.000000
-414.915466 1680.000000
-412.180603 1684.000000
-409.428619 1688.000000
-405.698212 1688.000000
-401.968353 1688.000000
-397.767181 1686.000000
-393.809174 1685.000000
-390.782349 1688.000000
-387.972198 1692.000000
-383.782501 1690.000000
-379.827209 1689.000000
-375.431580 1686.000000
-371.050079 1683.000000
-367.773773 1685.000000
-364.705475 1688.000000
-361.410767 1690.000000
-358.108002 1692.000000
-354.797302 1694.000000
-351.271271 1695.000000
-347.536652 1695.000000
-343.802856 1695.000000
-339.267212 1691.000000
-334.948700 1688.000000
-329.270569 1678.000000
-323.637299 1668.000000
-320.734467 1672.000000
-317.814880 1676.000000
-314.691193 1679.000000
-311.740479 1683.000000
-308.407013 1685.000000
-305.246399 1688.000000
-301.001801 1685.000000
-296.947754 1683.000000
-293.600433 1685.000000
-290.417175 1688.000000
-286.882141 1689.000000
-283.343597 1690.000000
-279.470764 1689.000000
-275.766571 1689.000000
-272.385468 1691.000000
-269.155457 1694.000000
-264.816406 1690.000000
-260.804962 1688.000000
-256.346252 1683.000000
-252.060547 1679.000000
-248.976944 1683.000000
-245.876694 1687.000000
-242.903702 1692.000000
-239.909714 1697.000000
-234.528717 1685.000000
-229.475281 1675.000000
-226.084167 1677.000000
-222.818146 1680.000000
-219.931213 1686.000000
-216.890915 1691.000000
-213.577667 1694.000000
-210.252274 1697.000000
-205.210800 1686.000000
-200.218475 1675.000000
-196.917938 1678.000000
-193.720581 1682.000000
-190.280670 1684.000000
-186.944000 1687.000000
-182.617493 1681.000000
-178.424667 1676.000000
-175.401657 1682.000000
-172.455627 1689.000000
-169.779892 1699.000000
-167.061676 1709.000000
-162.102615 1696.000000
-157.294479 1684.000000
-154.272949 1691.000000
-151.311066 1699.000000
-148.315369 1707.000000
-145.370667 1716.000000
-140.406784 1701.000000
-135.589310 1687.000000
-132.006653 1688.000000
-128.496658 1690.000000
-124.979057 1692.000000
-121.525299 1695.000000
-117.364136 1688.000000
-113.301689 1682.000000
-109.852943 1685.000000
-106.455101 1689.000000
-103.101776 1694.000000
-99.786362 1700.000000
-96.163193 1701.000000
-92.591019 1703.000000
-88.750053 1700.000000
-84.973007 1698.000000
-81.301178 1698.000000
-77.676033 1699.000000
-74.177979 1703.000000
-70.663605 1707.000000
-66.975960 1707.000000
-63.288990 1707.000000
-59.463188 1703.000000
-55.655613 1699.000000
-52.049587 1701.000000
-48.464329 1704.000000
-44.761810 1703.000000
-41.088417 1703.000000
-37.415844 1703.000000
-33.783588 1705.000000
-30.037849 1701.000000
-26.325403 1698.000000
-22.760063 1705.000000
-19.165382 1712.000000
-15.360412 1699.000000
-11.612255 1686.000000
-7.996648 1689.000000
-4.371248 1693.000000
-0.727300 1692.000000
2.913656 1692.000000
6.545782 1690.000000
10.174787 1689.000000
13.864340 1696.000000
17.593641 1704.000000
21.206959 1700.000000
24.817028 1697.000000
28.413513 1694.000000
31.996571 1691.000000
35.524044 1686.000000
39.075787 1683.000000
42.740803 1685.000000
46.441380 1688.000000
50.006142 1686.000000
53.593307 1685.000000
57.175900 1684.000000
60.789345 1684.000000
64.440636 1685.000000
68.136200 1687.000000
71.754601 1687.000000
75.417404 1688.000000
79.083694 1689.000000
82.802818 1691.000000
86.427902 1691.000000
1.483794 24.000000
1.535203 24.000000
71.661751 1084.000000
74.665634 1094.000000
77.782478 1105.000000
79.422882 1095.000000
81.094971 1086.000000
83.880554 1092.000000
86.691292 1098.000000
89.527618 1104.000000
92.472702 1111.000000
94.081306 1102.000000
95.738930 1094.000000
98.168648 1095.000000
100.694344 1097.000000
103.228340 1099.000000
105.866684 1102.000000
108.321365 1103.000000
110.779884 1104.000000
113.037621 1103.000000
115.290802 1102.000000
117.646217 1102.000000
120.001617 1102.000000
122.023491 1099.000000
124.032372 1096.000000
126.374252 1096.000000
128.833221 1097.000000
131.535629 1100.000000
134.250397 1103.000000
136.358551 1101.000000
138.458084 1099.000000
140.933258 1100.000000
143.282272 1100.000000
145.101364 1096.000000
146.768753 1091.000000
150.191223 1099.000000
153.508789 1106.000000
155.446945 1103.000000
157.228775 1099.000000
159.574234 1099.000000
202.321381 1115.000000
202.678070 1104.000000
203.173218 1094.000000
205.691879 1095.000000
208.404709 1097.000000
211.317825 1100.000000
214.243713 1103.000000
217.574661 1108.000000
220.926743 1113.000000
222.092941 1107.000000
223.436188 1102.000000
225.987274 1103.000000
228.749176 1105.000000
230.682877 1103.000000
232.607849 1101.000000
234.950745 1101.000000
237.509109 1102.000000
239.200577 1099.000000
241.098877 1097.000000
243.210327 1096.000000
245.541275 1096.000000
248.324280 1098.000000
251.115448 1100.000000
252.993103 1098.000000
254.862000 1096.000000
256.252716 1092.000000
257.626251 1088.000000
260.415710 1090.000000
263.213470 1092.000000
266.019318 1094.000000
269.078735 1097.000000
271.655701 1098.000000
274.485809 1100.000000
277.072601 1101.000000
279.663177 1102.000000
280.978149 1098.000000
282.533813 1095.000000
284.336273 1093.000000
286.392273 1092.000000
290.558624 1099.000000
295.020782 1107.000000
297.367462 1107.000000
299.984192 1108.000000
301.786224 1106.000000
303.579285 1104.000000
305.917603 1104.000000
308.255554 1104.000000
310.592743 1104.000000
312.929504 1104.000000
316.408051 1108.000000
319.903076 1112.000000
320.806274 1107.000000
321.979462 1103.000000
323.135345 1099.000000
324.569763 1096.000000
327.482239 1098.000000
331.003357 1102.000000
334.238129 1105.000000
337.485016 1108.000000
339.823853 1108.000000
342.161957 1108.000000
342.634033 1102.000000
343.393036 1097.000000
346.336182 1099.000000
349.287140 1101.000000
351.926483 1102.000000
354.890778 1104.000000
356.568573 1102.000000
358.562775 1101.000000
361.207520 1102.000000
363.855743 1103.000000
366.507477 1104.000000
369.496582 1106.000000
371.484802 1105.000000
373.467896 1104.000000
375.786499 1104.000000
378.446655 1105.000000
380.765564 1105.000000
383.083588 1105.000000
385.749573 1106.000000
388.067963 1106.000000
389.679535 1104.000000
391.281738 1102.000000
394.303253 1104.000000
396.972961 1105.000000
399.645966 1106.000000
452.568909 1106.000000
455.678528 1108.000000
459.208527 1111.000000
462.334381 1113.000000
465.884399 1116.000000
469.026245 1118.000000
472.174896 1120.000000
471.941528 1114.000000
472.107605 1109.000000
475.674011 1112.000000
479.681213 1116.000000
482.407959 1117.000000
485.571350 1119.000000
486.125793 1115.000000
487.100220 1112.000000
489.381439 1112.000000
492.103455 1113.000000
495.272339 1115.000000
498.448059 1117.000000
502.527039 1121.000000
506.621033 1125.000000
506.658600 1120.000000
507.583099 1117.000000
508.950409 1115.000000
511.225250 1115.000000
514.880127 1118.000000
519.008484 1122.000000
522.222412 1124.000000
525.442993 1126.000000
524.452209 1119.000000
523.902222 1113.000000
527.580933 1116.000000
531.745300 1120.000000
536.401245 1125.000000
541.076050 1130.000000
542.884399 1129.000000
545.170105 1129.000000
544.544983 1123.000000
543.894226 1117.000000
547.618042 1120.000000
550.861755 1122.000000
553.618896 1123.000000
556.378662 1124.000000
559.141052 1125.000000
561.407043 1125.000000
564.673584 1127.000000
567.946594 1129.000000
569.711182 1128.000000
572.484436 1129.000000
573.732727 1127.000000
575.483032 1126.000000
577.740845 1126.000000
581.027344 1128.000000
582.769104 1127.000000
585.543640 1128.000000
587.278625 1127.000000
589.531250 1127.000000
592.307617 1128.000000
595.086731 1129.000000
598.397339 1131.000000
601.714478 1133.000000
603.972412 1133.000000
606.228760 1133.000000
606.335449 1129.000000
605.885986 1124.000000
608.661499 1125.000000
610.896606 1125.000000
614.220520 1127.000000
617.004150 1128.000000
618.143311 1126.000000
619.824524 1125.000000
620.947571 1123.000000
622.616211 1122.000000
622.609131 1118.000000
622.585022 1114.000000
624.226563 1113.000000
625.862976 1112.000000
628.623901 1113.000000
631.387695 1114.000000
635.291870 1117.000000
639.777527 1121.000000
644.850525 1126.000000
649.942505 1131.000000
653.322937 1133.000000
246.483383 426.000000
252.546707 435.000000
322.723785 554.000000
324.981903 556.000000
666.810669 1137.000000
665.513794 1131.000000
706.700623 1197.000000
699.572571 1181.000000
692.975403 1166.000000
677.374268 1136.000000
655.074036 1095.000000
662.622559 1104.000000
670.205688 1113.000000
682.052307 1129.000000
695.173157 1147.000000
708.364075 1165.000000
655.745483 1075.000000
668.252869 1092.000000
756.337341 1232.000000
764.290771 1241.000000
800.081116 1295.000000
802.614319 1295.000000
805.768921 1296.000000
812.669189 1303.000000
820.848083 1312.000000
827.179077 1318.000000
834.792725 1326.000000
837.385315 1326.000000
