-1026.519043 1462.000000
-1023.179199 1462.000000
-1882.743896 2699.000000
-1884.955933 2711.000000
-1896.139038 2736.000000
-1888.573853 2734.000000
-1879.656128 2730.000000
-1868.711792 2723.000000
-1840.028198 2690.000000
-1834.005005 2690.000000
-614.994385 905.000000
-612.976257 905.000000
-1721.235596 2708.000000
-1727.395386 2727.000000
-1738.527832 2754.000000
-1733.191162 2755.000000
-1727.854614 2756.000000
-1721.268188 2755.000000
-1714.690063 2754.000000
-1711.222534 2758.000000
-1707.122681 2761.000000
-1700.548828 2760.000000
-1693.982422 2759.000000
-1688.646973 2760.000000
-1683.309814 2761.000000
-1676.148438 2759.000000
-1668.997803 2757.000000
-1659.445068 2751.000000
-1649.920166 2745.000000
-1645.214355 2747.000000
-1640.501465 2749.000000
-1636.970947 2753.000000
-1633.424194 2757.000000
-1626.910278 2756.000000
-1621.577637 2757.000000
-1611.553589 2750.000000
-1602.144409 2744.000000
-1597.996948 2747.000000
-1593.837280 2750.000000
-1590.242432 2754.000000
-1587.205811 2759.000000
-1583.001709 2762.000000
-1578.784790 2765.000000
-1571.141846 2762.000000
-1563.511597 2759.000000
-1559.845825 2763.000000
-1556.162231 2767.000000
-1550.780396 2768.000000
-1545.393555 2769.000000
-1540.001709 2770.000000
-1534.604980 2771.000000
-1523.134766 2761.000000
-1511.156860 2750.000000
-1506.888550 2753.000000
-1502.605957 2756.000000
-1493.965088 2751.000000
-1485.344360 2746.000000
-1481.592529 2750.000000
-1477.822388 2754.000000
-1471.895386 2754.000000
-1465.967163 2754.000000
-1460.037231 2754.000000
-1454.633667 2755.000000
-1448.698364 2755.000000
-1443.285034 2756.000000
-1436.822388 2755.000000
-1431.401001 2756.000000
-1425.973633 2757.000000
-1420.539795 2758.000000
-1406.380371 2742.000000
-914.231812 1790.000000
-910.365601 1790.000000
-324.111053 640.000000
-322.727783 640.000000
-524.192383 1044.000000
-526.433655 1053.000000
-842.730164 1693.000000
-840.056763 1695.000000
-876.848999 1777.000000
-870.543274 1772.000000
-862.301392 1763.000000
-857.018677 1760.000000
-851.262756 1756.000000
-847.453125 1756.000000
-844.122498 1757.000000
-840.307800 1757.000000
-836.491516 1757.000000
-830.304077 1752.000000
-823.193481 1745.000000
-817.051086 1740.000000
-810.928772 1735.000000
-808.548401 1738.000000
-806.616699 1742.000000
-803.744263 1744.000000
-801.320374 1747.000000
-796.142822 1744.000000
-790.522644 1740.000000
-786.274841 1739.000000
-781.129944 1736.000000
-778.235535 1738.000000
-775.331116 1740.000000
-772.859741 1743.000000
-770.815125 1747.000000
-769.190613 1752.000000
-767.979675 1758.000000
-762.829041 1755.000000
-757.257629 1751.000000
-753.423584 1751.000000
-750.016296 1752.000000
-744.473633 1748.000000
-738.947205 1744.000000
-735.544617 1745.000000
-732.555481 1747.000000
-728.304993 1746.000000
-724.057678 1745.000000
-721.877075 1749.000000
-719.267090 1752.000000
-715.826111 1753.000000
-711.973389 1753.000000
-704.079956 1743.000000
-696.630981 1734.000000
-694.414612 1738.000000
-692.974304 1744.000000
-688.740417 1743.000000
-684.509827 1742.000000
-679.891907 1740.000000
-675.670227 1739.000000
-672.610962 1741.000000
-669.541870 1743.000000
-666.081177 1744.000000
-662.994629 1746.000000
-659.143433 1746.000000
-655.291382 1746.000000
-648.453674 1738.000000
-642.021179 1731.000000
-639.305725 1734.000000
-636.576111 1737.000000
-632.739807 1737.000000
-628.902771 1737.000000
-623.265686 1732.000000
-618.007629 1728.000000
-614.543640 1729.000000
-611.074829 1730.000000
-607.951965 1732.000000
-604.819580 1734.000000
-600.984619 1734.000000
-597.149170 1734.000000
-591.944519 1730.000000
-587.097046 1727.000000
-585.302002 1733.000000
-583.479980 1739.000000
-580.297791 1741.000000
-577.768677 1745.000000
-573.905701 1745.000000
-570.695923 1747.000000
-566.503601 1746.000000
-562.315369 1745.000000
-557.811462 1743.000000
-553.315979 1741.000000
-549.460449 1741.000000
-545.604736 1741.000000
-540.815369 1738.000000
-536.039307 1735.000000
-531.889832 1734.000000
-528.049194 1734.000000
-525.115479 1737.000000
-522.168457 1740.000000
-515.633667 1731.000000
-509.434418 1723.000000
-505.911713 1724.000000
-502.967102 1727.000000
-498.853241 1726.000000
-494.744019 1725.000000
-491.208588 1726.000000
-487.668793 1727.000000
-484.124908 1728.000000
-480.854614 1730.000000
-478.127350 1734.000000
-475.929688 1740.000000
-472.349091 1741.000000
-469.033569 1743.000000
-465.709534 1745.000000
-462.641724 1748.000000
-455.886658 1737.000000
-449.180603 1726.000000
-446.652191 1731.000000
-444.357849 1737.000000
-441.783966 1742.000000
-439.439758 1748.000000
-434.328491 1743.000000
-429.486908 1739.000000
-425.887329 1740.000000
-422.526459 1742.000000
-418.436371 1741.000000
-414.351257 1740.000000
-410.978882 1742.000000
-407.832031 1745.000000
-404.672729 1748.000000
-401.730072 1752.000000
-397.180817 1749.000000
-392.420654 1745.000000
-388.569458 1745.000000
-384.939636 1746.000000
-381.087830 1746.000000
-377.452881 1747.000000
-373.386505 1746.000000
-369.536957 1746.000000
-366.526123 1750.000000
-363.498413 1754.000000
-359.838837 1755.000000
-356.175690 1756.000000
-350.502563 1747.000000
-344.870178 1738.000000
-340.063080 1733.000000
-335.278931 1728.000000
-332.052246 1731.000000
-329.002869 1735.000000
-325.374573 1736.000000
-321.928070 1738.000000
-318.473724 1740.000000
-315.011383 1742.000000
-311.541321 1744.000000
-308.063446 1746.000000
-304.577789 1748.000000
-301.256226 1751.000000
-297.582886 1752.000000
-294.073761 1754.000000
-289.398682 1749.000000
-284.909790 1745.000000
-281.083740 1745.000000
-277.417603 1746.000000
-273.748077 1747.000000
-270.075287 1748.000000
-265.789795 1745.000000
-261.518433 1742.000000
-258.296936 1746.000000
-255.204559 1751.000000
-251.660858 1753.000000
-248.109344 1755.000000
-242.462326 1742.000000
-236.873291 1729.000000
-233.768600 1734.000000
-230.775940 1740.000000
-227.757950 1746.000000
-224.714890 1752.000000
-220.512009 1749.000000
-216.323196 1746.000000
-211.539963 1738.000000
-206.673279 1729.000000
-203.254990 1732.000000
-199.939911 1736.000000
-196.382309 1738.000000
-192.927979 1741.000000
-189.027039 1740.000000
-185.238022 1740.000000
-181.971405 1745.000000
-178.888260 1752.000000
-175.475861 1756.000000
-172.047134 1760.000000
-167.072754 1748.000000
-162.058151 1735.000000
-159.108231 1744.000000
-156.120239 1753.000000
-153.267899 1764.000000
-150.453552 1776.000000
-145.029221 1757.000000
-139.688339 1738.000000
-136.151413 1741.000000
-132.678497 1745.000000
-129.041611 1747.000000
-125.468597 1750.000000
-120.910088 1739.000000
-116.400307 1728.000000
-113.047485 1734.000000
-109.669556 1740.000000
-106.327515 1747.000000
-103.014748 1755.000000
-99.159462 1754.000000
-95.363861 1754.000000
-91.464760 1752.000000
-87.625282 1751.000000
-83.934608 1753.000000
-80.281998 1756.000000
-76.660744 1760.000000
-73.064590 1765.000000
-69.251648 1765.000000
-65.476486 1766.000000
-61.418526 1759.000000
-57.391781 1752.000000
-53.671352 1754.000000
-49.971729 1757.000000
-46.102299 1754.000000
-42.246517 1751.000000
-38.492401 1752.000000
-34.714867 1752.000000
-30.991432 1755.000000
-27.255630 1758.000000
-23.494259 1760.000000
-19.725119 1762.000000
-15.848618 1753.000000
-12.011727 1744.000000
-8.266518 1746.000000
-4.515837 1749.000000
-0.751371 1748.000000
3.006645 1746.000000
6.774303 1749.000000
10.554308 1752.000000
14.371174 1758.000000
18.223459 1765.000000
21.980389 1762.000000
25.738344 1760.000000
29.486988 1758.000000
33.245399 1757.000000
37.020016 1757.000000
40.793915 1757.000000
44.567116 1757.000000
48.339756 1757.000000
52.111973 1757.000000
55.883347 1757.000000
59.450710 1751.000000
62.991333 1745.000000
67.002960 1752.000000
71.003822 1758.000000
74.902107 1761.000000
78.812981 1764.000000
82.595398 1764.000000
108.316978 1752.000000
111.877953 1749.000000
115.491768 1747.000000
119.369461 1749.000000
123.255310 1751.000000
126.641411 1746.000000
130.080505 1742.000000
134.347153 1749.000000
138.642914 1756.000000
142.968475 1763.000000
147.406982 1771.000000
150.854507 1767.000000
154.372452 1764.000000
157.697403 1759.000000
161.092590 1755.000000
165.973129 1767.000000
170.904556 1779.000000
175.985397 1792.000000
181.121094 1805.000000
184.877487 1804.000000
188.733765 1804.000000
188.532867 1766.000000
187.189453 1719.000000
190.973984 1720.000000
194.875687 1722.000000
199.362305 1729.000000
203.995712 1737.000000
207.228394 1733.000000
210.564987 1730.000000
213.888489 1727.000000
39.055511 310.000000
39.717556 310.000000
3.386672 26.000000
3.442186 26.000000
83.406624 620.000000
85.413574 625.000000
300.910522 2168.000000
307.370605 2181.000000
256.945282 1796.000000
260.778259 1796.000000
9.254162 51.000000
9.546431 52.000000
338.188690 1821.000000
343.571167 1829.000000
349.747559 1841.000000
351.556030 1830.000000
353.317596 1819.000000
358.173462 1824.000000
362.851837 1828.000000
368.750519 1838.000000
374.691528 1848.000000
383.133453 1870.000000
391.461273 1891.000000
396.113647 1894.000000
400.778473 1897.000000
407.802795 1911.000000
414.886597 1925.000000
420.940796 1934.000000
427.032928 1943.000000
428.946686 1933.000000
431.041443 1924.000000
436.716034 1931.000000
442.648071 1939.000000
448.383026 1946.000000
454.612427 1955.000000
459.002136 1956.000000
463.632538 1958.000000
468.031555 1959.000000
472.434418 1960.000000
478.056671 1966.000000
483.949280 1973.000000
488.881287 1976.000000
493.824890 1979.000000
494.502869 1965.000000
495.120575 1951.000000
500.028534 1954.000000
505.206573 1958.000000
510.920807 1964.000000
516.660095 1970.000000
521.101929 1971.000000
525.547424 1972.000000
528.653259 1968.000000
531.740906 1964.000000
527.443726 1933.000000
517.239746 1881.000000
522.332153 1885.000000
527.720093 1890.000000
534.534607 1900.000000
541.674194 1911.000000
546.289307 1913.000000
67.030052 233.000000
68.102501 235.000000
149.459183 512.000000
150.541672 512.000000
497.811829 1681.000000
501.363983 1681.000000
813.391235 2708.000000
822.135071 2718.000000
906.762512 2977.000000
919.180603 2997.000000
932.607544 3020.000000
940.844482 3026.000000
949.104553 3032.000000
958.018188 3040.000000
966.963867 3048.000000
974.344604 3051.000000
982.057373 3055.000000
986.225952 3048.000000
990.688416 3042.000000
997.745667 3044.000000
1004.479370 3045.000000
1007.563538 3035.000000
1010.269104 3024.000000
1009.564575 3003.000000
1003.356628 2966.000000
1005.841553 2955.000000
1006.565369 2939.000000
1008.598022 2927.000000
1007.457825 2906.000000
1008.320129 2891.000000
1004.906555 2864.000000
1006.672119 2852.000000
1005.544312 2832.000000
1006.116150 2817.000000
1001.952576 2789.000000
1007.787109 2789.000000
12.275829 30.000000
12.337867 30.000000
176.491486 427.000000
178.204361 429.000000
523.076294 1253.000000
526.920349 1256.000000
684.653564 1624.000000
689.695496 1628.000000
721.145447 1694.000000
728.910522 1704.000000
759.495239 1767.000000
764.424438 1770.000000
773.269104 1782.000000
776.929260 1782.000000
777.520569 1775.000000
782.042114 1777.000000
785.243225 1776.000000
790.214783 1779.000000
793.411499 1778.000000
795.256897 1774.000000
789.428162 1753.000000
793.011169 1753.000000
799.772827 1760.000000
804.735046 1763.000000
811.541443 1770.000000
816.531738 1773.000000
821.069519 1775.000000
825.613159 1777.000000
830.629211 1780.000000
832.374573 1776.000000
831.747742 1767.000000
830.609009 1757.000000
823.730469 1735.000000
824.865845 1730.000000
787.193848 1644.000000
788.119995 1639.000000
595.872375 1234.000000
597.399292 1232.000000
691.432190 1420.000000
696.257263 1424.000000
726.135925 1479.000000
733.064392 1487.000000
740.023254 1495.000000
744.030334 1497.000000
748.542725 1500.000000
743.545349 1484.000000
734.457031 1460.000000
736.887085 1459.000000
739.818176 1459.000000
742.747192 1459.000000
746.185791 1460.000000
750.139526 1462.000000
754.099304 1464.000000
751.860046 1454.000000
749.578918 1444.000000
753.509216 1446.000000
757.968689 1449.000000
760.338135 1448.000000
763.229004 1448.000000
767.705139 1451.000000
772.191406 1454.000000
776.155151 1456.000000
779.589905 1457.000000
779.267273 1451.000000
777.841187 1443.000000
776.381592 1435.000000
773.802307 1425.000000
779.902039 1431.000000
786.570923 1438.000000
792.716614 1444.000000
798.333984 1449.000000
798.993103 1445.000000
797.969849 1438.000000
805.827698 1447.000000
815.955261 1460.000000
808.746338 1442.000000
797.525024 1417.000000
796.934692 1411.000000
796.886108 1406.000000
800.228882 1407.000000
803.574280 1408.000000
806.349548 1408.000000
810.273132 1410.000000
813.626343 1411.000000
777.059143 1343.000000
780.282227 1344.000000
194.566330 334.000000
195.807449 335.000000
199.398087 340.000000
200.066040 340.000000
112.765099 191.000000
111.955307 189.000000
394.033173 663.000000
398.315125 668.000000
823.179810 1376.000000
828.878357 1381.000000
835.800049 1388.000000
835.498962 1383.000000
835.783569 1379.000000
839.092163 1380.000000
843.014221 1382.000000
843.883423 1379.000000
844.740356 1376.000000
841.890015 1367.000000
839.621826 1359.000000
841.660400 1358.000000
843.694763 1357.000000
845.101074 1355.000000
847.125183 1354.000000
850.400391 1355.000000
854.308960 1357.000000
856.962219 1357.000000
