-19.081520 27.000000
-19.019466 27.000000
-726.005981 1034.000000
-723.643799 1034.000000
-1813.684326 2600.000000
-1815.426025 2611.000000
-1827.528809 2637.000000
-1821.568848 2637.000000
-1816.312378 2638.000000
-1804.202515 2629.000000
-1753.840942 2564.000000
-1747.418213 2563.000000
-234.445358 345.000000
-233.676041 345.000000
-2.559827 4.000000
-2.551132 4.000000
-1664.030640 2618.000000
-1669.752197 2636.000000
-1684.238281 2668.000000
-1678.458862 2668.000000
-1672.056641 2667.000000
-1666.287598 2667.000000
-1660.522339 2667.000000
-1657.863159 2672.000000
-1655.185669 2677.000000
-1649.409180 2677.000000
-1643.635742 2677.000000
-1638.477051 2678.000000
-1633.926270 2680.000000
-1623.294067 2672.000000
-1612.698608 2664.000000
-1603.346069 2658.000000
-1592.819092 2650.000000
-1587.119751 2650.000000
-1582.615479 2652.000000
-1576.320435 2651.000000
-1570.030518 2650.000000
-1563.156250 2648.000000
-1556.879150 2647.000000
-1551.193604 2647.000000
-1545.508789 2647.000000
-1542.733154 2652.000000
-1540.516235 2658.000000
-1536.541382 2661.000000
-1533.704468 2666.000000
-1529.700073 2669.000000
-1525.682739 2672.000000
-1520.514893 2673.000000
-1514.775879 2673.000000
-1511.294678 2677.000000
-1507.233398 2680.000000
-1502.038330 2681.000000
-1496.280273 2681.000000
-1491.077515 2682.000000
-1485.316040 2682.000000
-1471.278687 2667.000000
-1455.656250 2649.000000
-1447.773315 2645.000000
-1439.906494 2641.000000
-1433.142090 2639.000000
-1426.384888 2637.000000
-1424.483887 2644.000000
-1423.088257 2652.000000
-1419.518555 2656.000000
-1415.930542 2660.000000
-1411.263306 2662.000000
-1406.585815 2664.000000
-1401.898315 2666.000000
-1397.724121 2669.000000
-1391.970581 2669.000000
-1386.215210 2669.000000
-1380.458252 2669.000000
-1374.699219 2669.000000
-1367.912720 2667.000000
-198.168686 388.000000
-197.330643 388.000000
-91.156235 180.000000
-90.767189 180.000000
-449.881592 896.000000
-452.442993 905.000000
-772.046387 1551.000000
-769.680359 1553.000000
-809.740662 1641.000000
-804.220825 1637.000000
-797.738831 1631.000000
-793.229248 1629.000000
-788.726929 1627.000000
-785.679749 1628.000000
-783.107361 1630.000000
-780.524902 1632.000000
-777.932312 1634.000000
-773.433899 1632.000000
-768.471191 1629.000000
-763.520142 1626.000000
-758.113220 1622.000000
-753.652710 1620.000000
-749.662720 1619.000000
-745.675598 1618.000000
-741.691528 1617.000000
-739.079834 1619.000000
-736.912476 1622.000000
-734.730652 1625.000000
-732.534302 1628.000000
-728.532349 1627.000000
-724.533569 1626.000000
-720.537598 1625.000000
-716.986023 1625.000000
-714.311157 1627.000000
-711.626221 1629.000000
-707.627136 1628.000000
-703.631165 1627.000000
-699.638367 1626.000000
-695.220581 1624.000000
-689.532532 1619.000000
-683.441406 1613.000000
-682.012146 1618.000000
-680.978882 1624.000000
-679.083923 1628.000000
-677.585205 1633.000000
-674.825073 1635.000000
-672.054932 1637.000000
-669.683289 1640.000000
-666.485046 1641.000000
-659.645752 1633.000000
-653.242188 1626.000000
-650.863831 1629.000000
-648.471375 1632.000000
-645.669434 1634.000000
-642.857666 1636.000000
-638.082458 1633.000000
-633.707947 1631.000000
-630.114014 1631.000000
-626.903259 1632.000000
-624.069153 1634.000000
-621.984680 1638.000000
-617.616638 1636.000000
-612.506042 1632.000000
-607.785400 1629.000000
-603.077087 1626.000000
-600.962097 1630.000000
-598.828613 1634.000000
-595.584106 1635.000000
-592.334473 1636.000000
-586.920532 1631.000000
-581.528015 1626.000000
-577.934082 1626.000000
-575.046143 1628.000000
-572.850769 1632.000000
-570.637146 1636.000000
-567.365540 1637.000000
-564.433350 1639.000000
-559.438904 1635.000000
-554.461670 1631.000000
-551.865845 1634.000000
-549.591858 1638.000000
-546.633179 1640.000000
-542.672119 1639.000000
-538.714905 1638.000000
-534.761963 1637.000000
-530.164307 1634.000000
-525.901794 1632.000000
-522.928223 1634.000000
-520.263184 1637.000000
-516.953613 1638.000000
-513.952759 1640.000000
-509.075897 1636.000000
-504.525726 1633.000000
-500.295441 1631.000000
-496.378418 1630.000000
-493.372742 1632.000000
-490.658295 1635.000000
-485.547577 1630.000000
-480.754700 1626.000000
-476.859955 1625.000000
-472.969635 1624.000000
-469.372925 1624.000000
-466.063202 1625.000000
-462.749207 1626.000000
-459.430878 1627.000000
-454.987762 1624.000000
-450.835968 1622.000000
-448.072052 1625.000000
-445.568665 1629.000000
-443.047699 1633.000000
-440.778534 1638.000000
-437.953766 1641.000000
-435.380798 1645.000000
-428.591187 1633.000000
-421.594788 1620.000000
-418.784821 1623.000000
-415.961914 1626.000000
-413.887177 1632.000000
-411.786224 1638.000000
-408.164124 1638.000000
-404.542603 1638.000000
-401.166260 1639.000000
-398.513763 1643.000000
-394.402130 1641.000000
-390.299835 1639.000000
-386.914673 1640.000000
-383.525726 1641.000000
-380.364594 1643.000000
-377.424500 1646.000000
-373.563446 1645.000000
-369.707489 1644.000000
-365.856506 1643.000000
-362.010834 1642.000000
-358.606689 1643.000000
-355.414978 1645.000000
-352.001251 1646.000000
-349.007141 1649.000000
-345.791229 1651.000000
-342.359985 1652.000000
-338.925110 1653.000000
-336.095184 1657.000000
-331.643250 1653.000000
-327.209961 1649.000000
-321.813904 1640.000000
-316.458282 1631.000000
-313.445038 1634.000000
-310.419403 1637.000000
-307.381500 1640.000000
-304.146088 1642.000000
-300.902740 1644.000000
-297.832245 1647.000000
-293.499084 1643.000000
-289.360870 1640.000000
-286.107971 1642.000000
-282.847076 1644.000000
-279.578461 1646.000000
-276.469574 1649.000000
-272.686707 1648.000000
-268.909149 1647.000000
-265.459045 1648.000000
-262.164398 1650.000000
-258.078491 1647.000000
-254.161240 1645.000000
-249.796707 1640.000000
-245.455032 1635.000000
-242.319809 1638.000000
-239.172287 1641.000000
-235.869247 1643.000000
-232.699707 1646.000000
-228.126144 1639.000000
-223.721283 1633.000000
-220.017502 1632.000000
-216.584549 1633.000000
-213.539383 1637.000000
-210.606079 1642.000000
-207.651962 1647.000000
-204.676926 1652.000000
-199.855362 1642.000000
-195.078537 1632.000000
-191.989120 1636.000000
-188.883331 1640.000000
-185.534958 1642.000000
-182.178986 1644.000000
-178.054779 1639.000000
-173.953400 1634.000000
-170.708984 1637.000000
-167.554581 1641.000000
-164.483627 1646.000000
-161.489685 1652.000000
-156.845764 1641.000000
-152.343994 1631.000000
-149.346436 1637.000000
-146.412827 1644.000000
-143.449722 1651.000000
-140.541916 1659.000000
-135.949417 1647.000000
-131.409912 1635.000000
-127.783691 1634.000000
-124.238777 1634.000000
-120.842636 1636.000000
-117.438606 1638.000000
-113.748650 1636.000000
-110.068344 1634.000000
-106.593216 1635.000000
-103.114594 1636.000000
-99.815178 1640.000000
-96.557983 1645.000000
-92.997330 1645.000000
-89.437599 1645.000000
-85.722115 1642.000000
-82.020470 1639.000000
-78.476227 1639.000000
-74.978630 1640.000000
-71.608101 1644.000000
-68.262611 1649.000000
-64.739502 1650.000000
-61.249802 1652.000000
-57.472935 1646.000000
-53.755657 1641.000000
-50.244221 1642.000000
-46.757839 1644.000000
-43.132198 1641.000000
-39.544285 1639.000000
-36.053673 1641.000000
-32.574909 1644.000000
-29.031290 1644.000000
-25.503704 1645.000000
-21.999170 1648.000000
-18.482504 1651.000000
-14.808920 1638.000000
-11.199007 1626.000000
-7.717310 1630.000000
-4.221495 1635.000000
-0.701509 1632.000000
2.806891 1630.000000
6.313387 1630.000000
9.825386 1631.000000
13.357507 1634.000000
16.912197 1638.000000
20.421055 1637.000000
23.939585 1637.000000
27.423904 1635.000000
30.918034 1634.000000
34.323055 1629.000000
37.705929 1624.000000
41.269604 1627.000000
44.873158 1631.000000
48.315540 1629.000000
51.780357 1628.000000
55.070847 1622.000000
58.370766 1617.000000
61.878304 1618.000000
65.389755 1619.000000
68.819763 1618.000000
72.289909 1618.000000
75.759277 1618.000000
79.277214 1619.000000
82.339058 1611.000000
85.419334 1604.000000
88.967796 1606.000000
92.581718 1609.000000
95.611427 1602.000000
98.610489 1595.000000
102.538795 1603.000000
106.434891 1610.000000
110.155693 1614.000000
113.893257 1618.000000
117.719940 1623.000000
121.493111 1627.000000
125.129509 1629.000000
128.694733 1630.000000
132.507370 1634.000000
136.336899 1638.000000
139.670609 1636.000000
142.995804 1634.000000
146.490936 1634.000000
80.375618 801.000000
83.010399 810.000000
85.683456 819.000000
87.861015 823.000000
90.273453 829.000000
92.378113 832.000000
94.495468 835.000000
95.587822 829.000000
96.654274 823.000000
99.010452 828.000000
101.265938 832.000000
103.662231 837.000000
105.953819 841.000000
106.468666 831.000000
107.070930 822.000000
109.355591 826.000000
111.657257 830.000000
113.155899 828.000000
114.645798 826.000000
115.422523 819.000000
116.312088 813.000000
118.627975 817.000000
147.340775 812.000000
150.356277 819.000000
153.587067 827.000000
155.912567 830.000000
158.250793 833.000000
160.217331 834.000000
161.993881 834.000000
161.020966 820.000000
159.988281 806.000000
163.710785 816.000000
167.678528 827.000000
169.848999 829.000000
172.027664 831.000000
172.750732 826.000000
173.452362 821.000000
175.199417 821.000000
176.946442 821.000000
179.128372 823.000000
181.318665 825.000000
183.295380 826.000000
185.500153 828.000000
185.451660 820.000000
185.597153 813.000000
188.016724 816.000000
190.681427 820.000000
193.128204 823.000000
195.587585 826.000000
197.820374 828.000000
200.302551 831.000000
199.392914 820.000000
198.681656 810.000000
201.391373 814.000000
204.367157 819.000000
207.112396 823.000000
209.874268 827.000000
210.861572 824.000000
212.093872 822.000000
214.097672 823.000000
216.105530 824.000000
217.059723 821.000000
217.734390 817.000000
218.929077 815.000000
220.114746 813.000000
221.837433 813.000000
223.559753 813.000000
225.281708 813.000000
227.003403 813.000000
229.849884 817.000000
232.996429 822.000000
233.308090 817.000000
233.310608 811.000000
235.315887 812.000000
237.324829 813.000000
239.043701 813.000000
241.058197 814.000000
241.585266 810.000000
242.395386 807.000000
245.007141 810.000000
247.326569 812.000000
249.347290 813.000000
251.371689 814.000000
254.332718 818.000000
257.310028 822.000000
257.467377 817.000000
257.920502 813.000000
259.633606 813.000000
261.346222 813.000000
262.734741 812.000000
264.444122 812.000000
266.152924 812.000000
268.191040 813.000000
267.576996 806.000000
266.932892 799.000000
269.284454 801.000000
271.643768 803.000000
275.032135 808.000000
278.098358 812.000000
280.146973 813.000000
281.852448 813.000000
282.859772 811.000000
283.507141 808.000000
285.906189 810.000000
288.667908 813.000000
290.727203 814.000000
292.790009 815.000000
294.856323 816.000000
333.493347 815.000000
336.412506 818.000000
338.929779 820.000000
342.285278 824.000000
345.238708 827.000000
342.749969 817.000000
340.640442 808.000000
342.729523 809.000000
345.247314 811.000000
347.344696 812.000000
349.015381 812.000000
351.116974 813.000000
353.655640 815.000000
357.073547 819.000000
360.506744 823.000000
363.075256 825.000000
365.651001 827.000000
366.901306 826.000000
368.146515 825.000000
368.041656 821.000000
368.369781 818.000000
370.041748 818.000000
371.712616 818.000000
374.751831 821.000000
378.260834 825.000000
378.100708 821.000000
378.385834 818.000000
380.980743 820.000000
383.582703 822.000000
382.911072 817.000000
382.688690 813.000000
384.339874 813.000000
386.464905 814.000000
389.546478 817.000000
392.639282 820.000000
394.300446 820.000000
396.443451 821.000000
399.074371 823.000000
401.712372 825.000000
403.379364 825.000000
405.536377 826.000000
406.710266 825.000000
408.374023 825.000000
410.036774 825.000000
411.698486 825.000000
412.858093 824.000000
414.012421 823.000000
415.666962 823.000000
417.827423 824.000000
420.499756 826.000000
423.690430 829.000000
420.221802 819.000000
416.711975 809.000000
421.434631 815.000000
426.180267 821.000000
431.470001 828.000000
437.309753 836.000000
440.029968 838.000000
443.284271 841.000000
441.258514 834.000000
439.203766 827.000000
441.384949 828.000000
444.639130 831.000000
448.441193 835.000000
452.797363 840.000000
452.844147 837.000000
452.877991 834.000000
454.534088 834.000000
456.736237 835.000000
458.941193 836.000000
461.700378 838.000000
465.019501 841.000000
468.349457 844.000000
467.235291 839.000000
466.659332 835.000000
467.749268 834.000000
469.397217 834.000000
472.173920 836.000000
474.957703 838.000000
477.179810 839.000000
479.405121 840.000000
480.488098 839.000000
482.141235 839.000000
483.793427 839.000000
486.023590 840.000000
487.676422 840.000000
489.911041 841.000000
491.564362 841.000000
493.217041 841.000000
494.280792 840.000000
494.749481 838.000000
496.986786 839.000000
499.821869 841.000000
503.260437 844.000000
507.906738 849.000000
507.770538 846.000000
508.224243 844.000000
507.461426 840.000000
506.682434 836.000000
513.183899 844.000000
519.106445 851.000000
520.160217 850.000000
521.209717 849.000000
524.102722 851.000000
527.621094 854.000000
529.291565 854.000000
531.583679 855.000000
527.642456 846.000000
524.291687 838.000000
529.695862 844.000000
535.753113 851.000000
537.416992 851.000000
