-17.668074 25.000000
-17.610619 25.000000
-792.708679 1129.000000
-790.129456 1129.000000
-1824.845459 2616.000000
-1827.941406 2629.000000
-1840.003418 2655.000000
-1834.693481 2656.000000
-1827.328735 2654.000000
-1815.182861 2645.000000
-1764.785400 2580.000000
-1758.326782 2579.000000
-328.223511 483.000000
-327.146454 483.000000
-5.119653 8.000000
-5.102264 8.000000
-1670.386719 2628.000000
-1676.720093 2647.000000
-1690.551025 2678.000000
-1686.008057 2680.000000
-1682.087769 2683.000000
-1675.659302 2682.000000
-1669.239014 2681.000000
-1666.549561 2686.000000
-1663.841797 2691.000000
-1658.035156 2691.000000
-1651.617554 2690.000000
-1647.042603 2692.000000
-1641.852051 2693.000000
-1632.406982 2687.000000
-1622.384521 2680.000000
-1612.394287 2673.000000
-1601.234009 2664.000000
-1596.103516 2665.000000
-1591.566895 2667.000000
-1586.428833 2668.000000
-1580.694946 2668.000000
-1573.191528 2665.000000
-1565.701660 2662.000000
-1559.397827 2661.000000
-1553.099121 2660.000000
-1550.877319 2666.000000
-1549.209839 2673.000000
-1545.202881 2676.000000
-1541.758423 2680.000000
-1538.297119 2684.000000
-1534.818604 2688.000000
-1528.478760 2687.000000
-1522.142944 2686.000000
-1518.069336 2689.000000
-1513.982178 2692.000000
-1508.761475 2693.000000
-1503.535645 2694.000000
-1498.304932 2695.000000
-1493.623169 2697.000000
-1479.553589 2682.000000
-1465.547485 2667.000000
-1459.267944 2666.000000
-1452.991577 2665.000000
-1445.089478 2661.000000
-1437.203125 2657.000000
-1434.720337 2663.000000
-1432.210571 2669.000000
-1427.535400 2671.000000
-1422.850464 2673.000000
-1418.155273 2675.000000
-1413.977783 2678.000000
-1409.260132 2680.000000
-1404.008423 2681.000000
-1397.707397 2680.000000
-1391.409058 2679.000000
-1385.630493 2679.000000
-1379.849854 2679.000000
-1371.503052 2674.000000
-256.904236 503.000000
-255.817825 503.000000
-118.503105 234.000000
-117.997345 234.000000
-439.839600 876.000000
-442.444275 885.000000
-795.939514 1599.000000
-793.965149 1602.000000
-820.102966 1662.000000
-814.537659 1658.000000
-808.010132 1652.000000
-803.455017 1650.000000
-797.937622 1646.000000
-794.366638 1646.000000
-791.755188 1648.000000
-788.655396 1649.000000
-786.501953 1652.000000
-782.438354 1651.000000
-778.377808 1650.000000
-772.911499 1646.000000
-766.993713 1641.000000
-763.887512 1642.000000
-760.775696 1643.000000
-755.814575 1640.000000
-750.406494 1636.000000
-747.753418 1638.000000
-745.090271 1640.000000
-743.321350 1644.000000
-741.533508 1648.000000
-737.040100 1646.000000
-732.554260 1644.000000
-728.962341 1644.000000
-725.810486 1645.000000
-723.969910 1649.000000
-722.110535 1653.000000
-718.059021 1652.000000
-713.578003 1650.000000
-708.674316 1647.000000
-703.354309 1643.000000
-698.476440 1640.000000
-693.186707 1636.000000
-691.285461 1640.000000
-689.784668 1645.000000
-687.843628 1649.000000
-685.883850 1653.000000
-683.492554 1656.000000
-681.497375 1660.000000
-679.483521 1664.000000
-677.450989 1668.000000
-669.744446 1658.000000
-662.482422 1649.000000
-660.053467 1652.000000
-658.007690 1656.000000
-653.967529 1655.000000
-650.323669 1655.000000
-646.288025 1654.000000
-642.644348 1654.000000
-638.999695 1654.000000
-635.738281 1655.000000
-632.471558 1656.000000
-629.199402 1657.000000
-625.166992 1656.000000
-621.513489 1656.000000
-615.620544 1650.000000
-609.382324 1643.000000
-607.229797 1647.000000
-605.058777 1651.000000
-602.140991 1653.000000
-599.213623 1655.000000
-593.757751 1650.000000
-588.323242 1645.000000
-585.042725 1646.000000
-582.110596 1648.000000
-579.871033 1652.000000
-577.961975 1657.000000
-574.297302 1657.000000
-570.287781 1656.000000
-565.597839 1653.000000
-560.920715 1650.000000
-558.620605 1654.000000
-556.637878 1659.000000
-553.632751 1661.000000
-550.949585 1664.000000
-545.621521 1659.000000
-540.642090 1655.000000
-536.653503 1654.000000
-532.991150 1654.000000
-529.328796 1654.000000
-525.983887 1655.000000
-522.950012 1657.000000
-519.907104 1659.000000
-515.299316 1656.000000
-511.013824 1654.000000
-506.123505 1650.000000
-501.250854 1646.000000
-498.209717 1648.000000
-495.459839 1651.000000
-490.611542 1647.000000
-485.781036 1643.000000
-482.142090 1643.000000
-478.211914 1642.000000
-474.864349 1643.000000
-471.225739 1643.000000
-467.871918 1644.000000
-464.231323 1644.000000
-459.750580 1641.000000
-455.561127 1639.000000
-453.035309 1643.000000
-450.492065 1647.000000
-448.473877 1653.000000
-446.429535 1659.000000
-443.558289 1662.000000
-440.674194 1665.000000
-434.102783 1654.000000
-427.320160 1642.000000
-424.203461 1644.000000
-421.078308 1646.000000
-418.705719 1651.000000
-416.311340 1656.000000
-412.400269 1655.000000
-408.988129 1656.000000
-405.571991 1657.000000
-402.637146 1660.000000
-398.487946 1658.000000
-394.586212 1657.000000
-390.925385 1657.000000
-387.265167 1657.000000
-384.300171 1660.000000
-381.322540 1663.000000
-377.196869 1661.000000
-373.305603 1660.000000
-369.196625 1658.000000
-365.317871 1657.000000
-361.880646 1658.000000
-358.439789 1659.000000
-355.209045 1661.000000
-352.181854 1664.000000
-349.142334 1667.000000
-346.297516 1671.000000
-342.615753 1671.000000
-339.137665 1672.000000
-334.652710 1668.000000
-329.987976 1663.000000
-324.561096 1654.000000
-319.368683 1646.000000
-316.322449 1649.000000
-313.453461 1653.000000
-310.380341 1656.000000
-307.294983 1659.000000
-303.831238 1660.000000
-300.363892 1661.000000
-295.999969 1657.000000
-291.831024 1654.000000
-288.547394 1656.000000
-285.427795 1659.000000
-282.126251 1661.000000
-278.816803 1663.000000
-275.003204 1662.000000
-271.358215 1662.000000
-267.553070 1661.000000
-264.071075 1662.000000
-260.115540 1660.000000
-256.169800 1658.000000
-251.776810 1653.000000
-247.406662 1648.000000
-244.095047 1650.000000
-240.921265 1653.000000
-237.735535 1656.000000
-234.678925 1660.000000
-229.935562 1652.000000
-225.365280 1645.000000
-221.904907 1646.000000
-218.573990 1648.000000
-215.626511 1653.000000
-212.658264 1658.000000
-209.669220 1663.000000
-206.783173 1669.000000
-201.802795 1658.000000
-197.110611 1649.000000
-193.984116 1653.000000
-190.956436 1658.000000
-187.568832 1660.000000
-184.284454 1663.000000
-180.118866 1658.000000
-175.976120 1653.000000
-172.690338 1656.000000
-169.392471 1659.000000
-166.282364 1664.000000
-163.151505 1669.000000
-158.566193 1659.000000
-154.118698 1650.000000
-151.171066 1657.000000
-148.194000 1664.000000
-145.187454 1671.000000
-142.236221 1679.000000
-137.435211 1665.000000
-132.776245 1652.000000
-129.113144 1651.000000
-125.531342 1651.000000
-122.098335 1653.000000
-118.657440 1655.000000
-114.930634 1653.000000
-111.280846 1652.000000
-107.831909 1654.000000
-104.375168 1656.000000
-101.154167 1662.000000
-97.908035 1668.000000
-94.297592 1668.000000
-90.742462 1669.000000
-86.922852 1665.000000
-83.171455 1662.000000
-79.577477 1662.000000
-76.030159 1663.000000
-72.609917 1667.000000
-69.173332 1671.000000
-65.641930 1673.000000
-62.102554 1675.000000
-58.206184 1667.000000
-54.378056 1660.000000
-50.825611 1661.000000
-47.298225 1663.000000
-43.684162 1662.000000
-40.075081 1661.000000
-36.558994 1664.000000
-33.030640 1667.000000
-29.384470 1664.000000
-25.767267 1662.000000
-22.239452 1666.000000
-18.695204 1670.000000
-14.998777 1659.000000
-11.350532 1648.000000
-7.816736 1651.000000
-4.267970 1653.000000
-0.710106 1652.000000
2.844776 1652.000000
6.398599 1652.000000
9.957917 1653.000000
13.545526 1657.000000
17.149670 1661.000000
20.707972 1660.000000
24.261314 1659.000000
27.776138 1656.000000
31.296467 1654.000000
34.765526 1650.000000
38.193504 1645.000000
41.802280 1648.000000
45.395901 1650.000000
48.879074 1648.000000
52.321060 1645.000000
55.648037 1639.000000
58.984436 1634.000000
62.528446 1635.000000
66.116753 1637.000000
69.670441 1638.000000
73.183479 1638.000000
76.695732 1638.000000
80.256546 1639.000000
83.361267 1631.000000
86.484413 1624.000000
90.131142 1627.000000
93.790054 1630.000000
96.864754 1623.000000
99.846985 1615.000000
103.690201 1621.000000
107.624847 1628.000000
111.384193 1632.000000
115.160301 1636.000000
118.807922 1638.000000
122.463860 1640.000000
125.974457 1640.000000
76.223587 871.000000
78.893524 880.000000
81.601883 889.000000
84.724258 902.000000
87.902008 915.000000
89.760406 914.000000
91.614159 913.000000
93.668526 914.000000
95.726936 915.000000
97.896172 917.000000
100.291733 921.000000
101.260620 912.000000
102.190903 903.000000
103.774475 900.000000
105.344933 897.000000
107.978790 903.000000
110.759613 910.000000
112.207863 906.000000
113.638939 902.000000
115.821510 904.000000
118.142738 907.000000
120.344109 909.000000
122.553925 911.000000
123.542191 904.000000
124.639137 898.000000
125.992355 894.000000
127.328117 890.000000
129.953537 895.000000
163.308731 900.000000
165.226685 900.000000
167.144318 900.000000
169.813202 904.000000
172.499069 908.000000
174.817474 910.000000
177.144394 912.000000
178.104889 907.000000
179.043961 902.000000
181.566498 905.000000
184.101685 908.000000
186.034851 908.000000
187.967651 908.000000
189.691177 907.000000
191.410278 906.000000
193.551605 907.000000
195.912689 909.000000
198.281830 911.000000
200.659317 913.000000
201.713669 909.000000
202.974808 906.000000
203.996811 902.000000
205.001526 898.000000
207.140976 899.000000
209.284485 900.000000
211.431961 901.000000
213.820328 903.000000
215.977798 904.000000
218.139359 905.000000
219.818527 904.000000
221.738541 904.000000
224.400467 907.000000
227.074615 910.000000
229.509735 912.000000
231.699173 913.000000
232.101257 907.000000
232.735611 902.000000
234.909103 903.000000
237.348907 905.000000
240.854324 911.000000
244.384872 917.000000
243.642532 907.000000
243.127975 898.000000
246.122223 902.000000
249.682968 908.000000
251.883240 909.000000
254.645889 912.000000
254.325943 904.000000
254.255234 897.000000
256.153442 897.000000
258.051331 897.000000
260.238495 898.000000
262.429291 899.000000
263.153900 895.000000
264.453278 893.000000
266.936798 895.000000
270.029053 899.000000
272.532623 901.000000
275.348785 904.000000
278.177124 907.000000
281.326294 911.000000
282.004608 907.000000
282.978394 904.000000
283.308655 899.000000
283.934601 895.000000
286.778564 898.000000
289.956055 902.000000
291.855591 902.000000
293.754425 902.000000
294.669312 899.000000
295.570953 896.000000
296.127411 892.000000
296.332245 887.000000
299.877319 892.000000
303.442657 897.000000
307.028442 902.000000
310.634491 907.000000
312.193298 906.000000
313.747192 905.000000
313.203552 898.000000
312.980652 892.000000
315.555695 894.000000
318.138306 896.000000
320.014221 896.000000
322.248627 897.000000
325.570526 901.000000
369.093262 902.000000
372.603577 906.000000
376.129395 910.000000
378.840027 912.000000
381.557648 914.000000
381.765564 910.000000
382.377350 907.000000
383.399536 905.000000
384.837952 904.000000
386.699005 904.000000
388.558990 904.000000
389.554138 902.000000
390.973877 901.000000
395.004456 906.000000
399.492279 912.000000
402.243378 914.000000
405.001587 916.000000
405.545868 913.000000
406.076752 910.000000
408.387268 911.000000
410.700775 912.000000
412.564880 912.000000
414.427734 912.000000
415.833008 911.000000
417.233154 910.000000
418.627960 909.000000
420.480133 909.000000
423.260315 911.000000
426.047455 913.000000
428.372955 914.000000
431.642700 917.000000
432.559631 915.000000
433.467377 913.000000
435.319397 913.000000
437.170319 913.000000
438.539032 912.000000
440.385437 912.000000
442.230652 912.000000
444.561707 913.000000
446.406494 913.000000
448.250244 913.000000
448.613739 910.000000
448.963928 907.000000
450.791931 907.000000
453.117859 908.000000
455.446594 909.000000
458.281067 911.000000
460.617554 912.000000
462.956848 913.000000
465.807861 915.000000
468.666016 917.000000
466.913086 910.000000
465.130920 903.000000
469.007629 907.000000
472.899170 911.000000
477.326691 916.000000
482.296173 922.000000
484.663055 923.000000
487.559967 925.000000
487.818176 922.000000
488.063202 919.000000
489.894623 919.000000
492.259918 920.000000
495.165009 922.000000
498.616150 925.000000
500.455017 925.000000
502.292755 925.000000
504.129547 925.000000
505.965271 925.000000
507.250793 924.000000
507.980621 922.000000
510.360291 923.000000
512.742798 924.000000
514.571411 924.000000
516.399048 924.000000
517.104126 922.000000
517.800293 920.000000
520.182007 921.000000
523.133606 923.000000
525.523438 924.000000
527.916321 925.000000
529.739563 925.000000
532.136841 926.000000
533.960327 926.000000
535.783142 926.000000
537.024597 925.000000
537.678833 923.000000
540.077881 924.000000
541.893616 924.000000
543.120422 923.000000
544.932922 923.000000
547.929443 925.000000
550.933228 927.000000
552.751709 927.000000
555.167786 928.000000
556.386841 927.000000
558.203613 927.000000
559.415833 926.000000
561.229553 926.000000
564.259094 928.000000
567.906128 931.000000
569.728394 931.000000
571.550354 931.000000
573.987915 932.000000
577.046936 934.000000
578.873962 934.000000
580.700745 934.000000
580.656189 931.000000
581.225464 929.000000
580.531616 925.000000
579.822083 921.000000
581.622864 921.000000
