-66.431961 94.000000
-66.215919 94.000000
-863.624146 1230.000000
-860.814209 1230.000000
-1842.982300 2642.000000
-1846.019165 2655.000000
-1859.408325 2683.000000
-1853.344360 2683.000000
-1844.541748 2679.000000
-1834.398315 2673.000000
-1798.302612 2629.000000
-1791.734253 2628.000000
-466.852081 687.000000
-465.320099 687.000000
-3.839740 6.000000
-3.826698 6.000000
-1681.192139 2645.000000
-1687.488647 2664.000000
-1703.176514 2698.000000
-1697.961182 2699.000000
-1692.745850 2700.000000
-1686.280518 2699.000000
-1680.446167 2699.000000
-1677.717896 2704.000000
-1675.589478 2710.000000
-1669.741821 2710.000000
-1663.897217 2710.000000
-1657.443726 2709.000000
-1650.997070 2708.000000
-1642.127197 2703.000000
-1632.675781 2697.000000
-1622.648926 2690.000000
-1611.452026 2681.000000
-1607.482788 2684.000000
-1603.502197 2687.000000
-1598.915771 2689.000000
-1594.321655 2691.000000
-1588.539795 2691.000000
-1583.346802 2692.000000
-1574.048340 2686.000000
-1564.192749 2679.000000
-1561.930054 2685.000000
-1560.221802 2692.000000
-1557.328979 2697.000000
-1554.414673 2702.000000
-1549.759766 2704.000000
-1545.667358 2707.000000
-1538.717896 2705.000000
-1532.343384 2704.000000
-1528.231201 2707.000000
-1524.105469 2710.000000
-1519.406250 2712.000000
-1514.697754 2714.000000
-1509.424072 2715.000000
-1504.145508 2716.000000
-1491.138428 2703.000000
-1477.636719 2689.000000
-1470.762573 2687.000000
-1464.441040 2686.000000
-1457.579956 2684.000000
-1451.266846 2683.000000
-1447.111816 2686.000000
-1444.015991 2691.000000
-1438.224487 2691.000000
-1432.964233 2692.000000
-1428.228149 2694.000000
-1423.481812 2696.000000
-1418.199463 2697.000000
-1413.958496 2700.000000
-1407.616455 2699.000000
-1401.796509 2699.000000
-1395.457642 2698.000000
-1389.636108 2698.000000
-1379.709473 2690.000000
-549.049805 1075.000000
-546.727966 1075.000000
-142.305008 281.000000
-141.697662 281.000000
-417.747192 832.000000
-419.947083 840.000000
-820.828186 1649.000000
-818.745605 1652.000000
-841.814514 1706.000000
-834.680054 1699.000000
-824.639893 1686.000000
-820.984924 1686.000000
-817.328552 1686.000000
-813.670837 1686.000000
-809.531250 1685.000000
-806.829407 1687.000000
-804.117310 1689.000000
-797.603760 1683.000000
-789.699646 1674.000000
-785.120300 1672.000000
-781.015503 1671.000000
-775.983154 1668.000000
-770.962585 1665.000000
-768.718689 1668.000000
-766.919128 1672.000000
-762.818054 1671.000000
-758.265686 1669.000000
-755.981323 1672.000000
-752.782532 1673.000000
-747.786743 1670.000000
-742.357300 1666.000000
-739.604126 1668.000000
-736.399780 1669.000000
-734.945801 1674.000000
-733.468628 1679.000000
-729.794861 1679.000000
-726.552185 1680.000000
-722.013000 1678.000000
-717.481323 1676.000000
-712.105225 1672.000000
-706.321655 1667.000000
-703.509399 1669.000000
-700.687012 1671.000000
-699.106079 1676.000000
-697.916870 1682.000000
-694.636414 1683.000000
-691.350342 1684.000000
-689.283813 1688.000000
-687.198486 1692.000000
-678.631287 1680.000000
-669.713867 1667.000000
-667.644897 1671.000000
-665.557312 1675.000000
-661.475281 1674.000000
-657.789612 1674.000000
-654.884338 1676.000000
-651.969299 1678.000000
-648.658142 1679.000000
-645.341553 1680.000000
-642.019775 1681.000000
-638.692444 1682.000000
-634.227356 1680.000000
-629.770325 1678.000000
-623.455688 1671.000000
-617.542053 1665.000000
-615.340942 1669.000000
-613.121338 1673.000000
-610.519226 1676.000000
-608.265198 1680.000000
-603.113953 1676.000000
-598.337219 1673.000000
-593.928528 1671.000000
-589.881531 1670.000000
-587.242249 1673.000000
-584.937988 1677.000000
-580.189270 1674.000000
-575.797791 1672.000000
-571.414673 1670.000000
-567.039856 1668.000000
-565.037659 1673.000000
-563.348450 1679.000000
-560.632324 1682.000000
-557.902710 1685.000000
-553.514771 1683.000000
-549.135559 1681.000000
-544.440491 1678.000000
-539.758301 1675.000000
-536.049438 1675.000000
-532.022400 1674.000000
-528.946411 1676.000000
-525.861450 1678.000000
-521.833923 1677.000000
-518.119812 1677.000000
-514.098816 1676.000000
-510.082123 1675.000000
-506.976776 1677.000000
-503.862549 1679.000000
-497.760712 1671.000000
-491.990051 1664.000000
-488.304565 1664.000000
-484.619141 1664.000000
-481.511871 1666.000000
-478.395935 1668.000000
-474.986755 1669.000000
-471.573181 1670.000000
-467.034851 1667.000000
-462.509888 1664.000000
-459.928711 1668.000000
-457.330139 1672.000000
-454.442688 1675.000000
-451.811462 1679.000000
-448.629059 1681.000000
-445.438232 1683.000000
-439.351898 1674.000000
-433.045502 1664.000000
-429.880157 1666.000000
-426.962158 1669.000000
-424.538666 1674.000000
-421.842041 1678.000000
-417.134766 1674.000000
-412.692719 1671.000000
-409.732971 1674.000000
-407.003113 1678.000000
-402.814117 1676.000000
-398.634491 1674.000000
-395.171997 1675.000000
-391.705750 1676.000000
-388.467285 1678.000000
-385.679230 1682.000000
-381.738678 1681.000000
-377.803284 1680.000000
-373.872833 1679.000000
-369.947723 1678.000000
-366.464172 1679.000000
-363.193054 1681.000000
-359.913818 1683.000000
-356.626465 1685.000000
-353.750061 1689.000000
-350.856812 1693.000000
-346.511444 1690.000000
-342.383026 1688.000000
-337.862793 1684.000000
-333.559692 1681.000000
-327.896973 1671.000000
-322.279114 1661.000000
-319.199829 1664.000000
-316.108215 1667.000000
-313.004333 1670.000000
-309.888184 1673.000000
-306.576691 1675.000000
-303.438049 1678.000000
-299.215424 1675.000000
-295.183380 1673.000000
-291.858002 1675.000000
-288.524658 1677.000000
-285.183594 1679.000000
-281.834656 1681.000000
-278.147034 1681.000000
-274.460388 1681.000000
-271.096802 1683.000000
-267.725464 1685.000000
-263.562836 1682.000000
-259.414429 1679.000000
-254.975418 1674.000000
-250.709412 1670.000000
-247.497574 1673.000000
-244.419220 1677.000000
-241.180969 1680.000000
-238.071869 1684.000000
-233.276031 1676.000000
-228.653290 1669.000000
-225.140472 1670.000000
-221.757111 1672.000000
-218.757202 1677.000000
-215.864807 1683.000000
-212.569031 1686.000000
-209.261093 1689.000000
-204.115372 1677.000000
-199.023148 1665.000000
-195.861771 1669.000000
-192.684036 1673.000000
-189.263733 1675.000000
-185.946671 1678.000000
-181.748413 1673.000000
-177.572998 1668.000000
-174.671692 1675.000000
-171.843002 1683.000000
-168.980453 1691.000000
-166.181885 1700.000000
-161.337982 1688.000000
-156.547241 1676.000000
-153.634323 1684.000000
-150.687653 1692.000000
-147.794052 1701.000000
-144.862381 1710.000000
-139.911514 1695.000000
-135.026703 1680.000000
-131.537430 1682.000000
-127.964417 1683.000000
-124.462006 1685.000000
-120.951729 1687.000000
-116.877434 1681.000000
-112.830154 1675.000000
-109.396584 1678.000000
-105.950874 1681.000000
-102.614876 1686.000000
-99.258080 1691.000000
-95.654396 1692.000000
-92.156067 1695.000000
-88.280205 1691.000000
-84.472572 1688.000000
-80.918137 1690.000000
-77.356003 1692.000000
-73.916641 1697.000000
-70.415222 1701.000000
-66.701302 1700.000000
-62.992382 1699.000000
-59.183853 1695.000000
-55.360790 1690.000000
-51.774189 1692.000000
-48.179913 1694.000000
-44.472687 1692.000000
-40.774765 1690.000000
-37.174168 1692.000000
-33.585442 1695.000000
-29.896578 1693.000000
-26.232382 1692.000000
-22.666620 1698.000000
-19.075825 1704.000000
-15.279044 1690.000000
-11.543380 1676.000000
-7.944569 1678.000000
-4.342846 1682.000000
-0.722142 1680.000000
2.892992 1680.000000
6.507050 1680.000000
10.126593 1681.000000
13.815291 1690.000000
17.542017 1699.000000
21.119637 1693.000000
24.685411 1688.000000
28.245783 1684.000000
31.807354 1681.000000
35.334415 1677.000000
38.866825 1674.000000
42.512512 1676.000000
46.193768 1679.000000
49.739204 1677.000000
53.307053 1676.000000
56.802422 1673.000000
60.356167 1672.000000
63.943466 1672.000000
67.530365 1672.000000
71.116592 1672.000000
74.747231 1673.000000
78.381348 1674.000000
82.068321 1676.000000
85.354576 1670.000000
88.667831 1665.000000
92.291626 1666.000000
95.919037 1667.000000
99.490791 1667.000000
71.376862 1014.000000
74.055489 1021.000000
76.763931 1028.000000
79.194923 1031.000000
81.638252 1034.000000
84.499802 1042.000000
87.478676 1051.000000
89.044281 1043.000000
90.663193 1036.000000
93.058502 1038.000000
95.554062 1041.000000
97.592583 1039.000000
99.622276 1037.000000
102.330795 1042.000000
105.060265 1047.000000
107.196152 1046.000000
109.327484 1045.000000
111.454308 1044.000000
113.576851 1043.000000
115.361610 1039.000000
117.242279 1036.000000
119.686562 1038.000000
122.256500 1041.000000
124.958847 1045.000000
127.677841 1049.000000
129.670670 1047.000000
131.780853 1046.000000
134.142838 1047.000000
136.378662 1047.000000
137.952209 1042.000000
139.504303 1037.000000
142.128189 1040.000000
144.764618 1043.000000
146.709213 1041.000000
148.644852 1039.000000
151.007462 1040.000000
191.434128 1055.000000
191.846542 1045.000000
192.215973 1035.000000
194.608932 1036.000000
197.196075 1038.000000
200.175613 1042.000000
203.560669 1048.000000
205.989014 1049.000000
208.619949 1051.000000
209.654129 1045.000000
210.662613 1039.000000
213.284454 1041.000000
215.914383 1043.000000
218.134384 1043.000000
220.354218 1043.000000
222.787079 1044.000000
225.224167 1045.000000
227.012024 1043.000000
229.010971 1042.000000
231.005432 1041.000000
232.995361 1040.000000
234.980820 1039.000000
237.189957 1039.000000
239.168335 1038.000000
241.374771 1038.000000
242.642227 1034.000000
244.129288 1031.000000
246.797653 1033.000000
249.715332 1036.000000
253.131744 1041.000000
256.323853 1045.000000
258.790405 1046.000000
261.260559 1047.000000
263.734863 1048.000000
265.959167 1048.000000
266.391846 1041.000000
266.794495 1034.000000
269.247986 1035.000000
271.705505 1036.000000
274.695557 1039.000000
277.964478 1043.000000
279.906860 1042.000000
281.844360 1041.000000
284.595886 1043.000000
287.630402 1046.000000
290.122925 1047.000000
292.619385 1048.000000
293.431366 1043.000000
294.505219 1039.000000
297.275055 1041.000000
300.340668 1044.000000
302.548981 1044.000000
304.756622 1044.000000
305.787750 1040.000000
306.505188 1035.000000
310.183533 1040.000000
313.882507 1045.000000
316.996887 1048.000000
320.428009 1052.000000
322.955353 1053.000000
325.486206 1054.000000
323.667908 1041.000000
321.794037 1028.000000
325.221954 1032.000000
328.983459 1037.000000
332.445984 1041.000000
335.924713 1045.000000
335.860413 1038.000000
336.091522 1032.000000
339.246643 1035.000000
342.743530 1039.000000
345.260651 1040.000000
348.115234 1042.000000
349.632751 1040.000000
351.140991 1038.000000
353.661377 1039.000000
356.185089 1040.000000
358.023010 1039.000000
360.202576 1039.000000
362.730164 1040.000000
364.910187 1040.000000
367.089417 1040.000000
369.622772 1041.000000
371.802246 1041.000000
374.340118 1042.000000
377.242645 1044.000000
428.017242 1046.000000
429.769012 1045.000000
431.928802 1045.000000
434.918335 1047.000000
438.332092 1050.000000
441.337769 1052.000000
444.350311 1054.000000
444.404541 1049.000000
444.436737 1044.000000
447.869324 1047.000000
451.742798 1051.000000
454.335876 1052.000000
456.931732 1053.000000
458.658600 1052.000000
460.379791 1051.000000
462.975952 1052.000000
465.132813 1052.000000
467.732544 1053.000000
470.335052 1054.000000
473.836823 1057.000000
476.899261 1059.000000
477.706696 1056.000000
478.954865 1054.000000
480.650024 1053.000000
482.339874 1052.000000
485.866333 1055.000000
489.403687 1058.000000
491.558105 1058.000000
494.177704 1059.000000
494.456757 1055.000000
495.188812 1052.000000
497.798126 1053.000000
500.885101 1055.000000
504.932343 1059.000000
508.994568 1063.000000
511.628845 1064.000000
514.265869 1065.000000
514.481079 1061.000000
514.678772 1057.000000
518.281372 1060.000000
522.385864 1064.000000
523.054016 1061.000000
523.708740 1058.000000
525.841064 1058.000000
528.471191 1059.000000
532.105896 1062.000000
535.751160 1065.000000
537.892212 1065.000000
540.031799 1065.000000
542.169800 1065.000000
544.306763 1065.000000
546.955322 1066.000000
550.121643 1068.000000
551.226135 1066.000000
553.359497 1066.000000
556.012634 1067.000000
558.668457 1068.000000
560.801880 1068.000000
562.934143 1068.000000
566.123047 1070.000000
569.849609 1073.000000
572.521057 1074.000000
575.195007 1075.000000
575.186218 1071.000000
575.699524 1068.000000
578.363708 1069.000000
581.030518 1070.000000
583.700256 1071.000000
586.372742 1072.000000
587.400818 1070.000000
588.971008 1069.000000
589.983154 1067.000000
591.540894 1066.000000
594.764343 1068.000000
598.553467 1071.000000
600.670837 1071.000000
602.787048 1071.000000
604.337402 1070.000000
605.316040 1068.000000
607.991943 1069.000000
610.670776 1070.000000
612.207153 1069.000000
614.888123 1070.000000
616.995178 1070.000000
620.258667 1072.000000
620.626282 1069.000000
620.981140 1066.000000
623.661316 1067.000000
625.758118 1067.000000
624.912170 1062.000000
624.635986 1058.000000
621.973938 1050.000000
619.874207 1043.000000
623.709045 1046.000000
627.554932 1049.000000
632.612427 1054.000000
638.893250 1061.000000
641.576233 1062.000000
643.656372 1062.000000
646.952209 1064.000000
187.268707 307.000000
190.929382 312.000000
490.514221 799.000000
494.541077 803.000000
705.554199 1142.000000
710.267151 1146.000000
715.617310 1151.000000
717.868164 1151.000000
