-173.426956 247.000000
-173.562546 248.000000
-1718.117065 2463.000000
-1719.474731 2473.000000
-1739.513550 2510.000000
-1731.077515 2506.000000
-1704.083862 2475.000000
-1695.771973 2471.000000
-1545.213257 2259.000000
-1540.155151 2259.000000
-94.457695 139.000000
-94.147736 139.000000
-1573.138184 2475.000000
-1579.803467 2494.000000
-1609.116699 2549.000000
-1606.740601 2554.000000
-1604.346802 2559.000000
-1596.937012 2556.000000
-1589.543823 2553.000000
-1587.130981 2558.000000
-1585.317871 2564.000000
-1578.552979 2562.000000
-1569.343628 2556.000000
-1564.445801 2557.000000
-1559.546021 2558.000000
-1552.214233 2555.000000
-1546.108276 2554.000000
-1532.769897 2541.000000
-1512.877563 2517.000000
-1505.068726 2513.000000
-1496.084839 2507.000000
-1488.912231 2504.000000
-1481.160889 2500.000000
-1475.789429 2500.000000
-1469.830444 2499.000000
-1466.220825 2502.000000
-1464.934570 2509.000000
-1465.945557 2520.000000
-1468.069092 2533.000000
-1468.404663 2543.000000
-1469.272827 2554.000000
-1467.228149 2560.000000
-1464.586914 2565.000000
-1456.804688 2561.000000
-1448.472534 2556.000000
-1445.242676 2560.000000
-1441.432495 2563.000000
-1435.368286 2562.000000
-1429.865723 2562.000000
-1423.806641 2561.000000
-1417.751221 2560.000000
-1402.321045 2542.000000
-1379.823608 2511.000000
-1367.311157 2498.000000
-1349.946411 2476.000000
-1345.166016 2477.000000
-1341.461670 2480.000000
-1341.514648 2490.000000
-1343.133423 2503.000000
-1343.625610 2514.000000
-1344.601685 2526.000000
-1339.162720 2526.000000
-1333.722168 2526.000000
-1329.857788 2529.000000
-1325.978882 2532.000000
-1321.042114 2533.000000
-1316.099487 2534.000000
-1310.633667 2534.000000
-1304.650879 2533.000000
-1299.183716 2533.000000
-38.816547 76.000000
-38.652397 76.000000
-12.154164 24.000000
-12.102291 24.000000
-261.092010 520.000000
-261.967010 524.000000
-674.980591 1356.000000
-674.027832 1360.000000
-727.335632 1474.000000
-719.721191 1465.000000
-714.100952 1460.000000
-710.449036 1459.000000
-707.284912 1459.000000
-704.602234 1460.000000
-702.394470 1462.000000
-700.655029 1465.000000
-699.377319 1469.000000
-694.763550 1466.000000
-690.161682 1463.000000
-685.101990 1459.000000
-680.525818 1456.000000
-678.752686 1459.000000
-677.428345 1463.000000
-675.624512 1466.000000
-674.723694 1471.000000
-672.430298 1473.000000
-670.581238 1476.000000
-668.265808 1478.000000
-665.940308 1480.000000
-662.709229 1480.000000
-659.922668 1481.000000
-657.573730 1483.000000
-655.214905 1485.000000
-651.968079 1485.000000
-649.156860 1486.000000
-644.601379 1483.000000
-640.490356 1481.000000
-636.386902 1479.000000
-632.291138 1477.000000
-625.647461 1469.000000
-619.037781 1461.000000
-618.363281 1467.000000
-617.661255 1473.000000
-617.349060 1480.000000
-617.005005 1487.000000
-615.390930 1491.000000
-614.168701 1496.000000
-612.106873 1499.000000
-610.436951 1503.000000
-602.689209 1492.000000
-594.586975 1480.000000
-592.929382 1484.000000
-591.253296 1488.000000
-589.163513 1491.000000
-586.666565 1493.000000
-582.987732 1492.000000
-579.312378 1491.000000
-576.026978 1491.000000
-573.124756 1492.000000
-570.981262 1495.000000
-569.203308 1499.000000
-565.519409 1498.000000
-561.839172 1497.000000
-555.924011 1490.000000
-550.038940 1483.000000
-548.977051 1489.000000
-548.254395 1496.000000
-546.407471 1500.000000
-544.542175 1504.000000
-540.499451 1502.000000
-536.464966 1500.000000
-533.504944 1501.000000
-530.186890 1501.000000
-528.272339 1505.000000
-526.339539 1509.000000
-522.309021 1507.000000
-518.286865 1505.000000
-513.931030 1502.000000
-509.587982 1499.000000
-507.284241 1502.000000
-505.302399 1506.000000
-502.635895 1508.000000
-500.291351 1511.000000
-494.973114 1505.000000
-490.007935 1500.000000
-486.038025 1498.000000
-482.398895 1497.000000
-479.084167 1497.000000
-476.404724 1499.000000
-474.347534 1503.000000
-472.272461 1507.000000
-468.934845 1507.000000
-465.597229 1507.000000
-460.725769 1502.000000
-455.876373 1497.000000
-452.862976 1498.000000
-450.145233 1500.000000
-445.035614 1494.000000
-439.952637 1488.000000
-436.656982 1488.000000
-433.361359 1488.000000
-429.487793 1486.000000
-425.623260 1484.000000
-422.052338 1483.000000
-418.768280 1483.000000
-415.204346 1482.000000
-411.922852 1482.000000
-408.917450 1483.000000
-406.181396 1485.000000
-403.707886 1488.000000
-401.221497 1491.000000
-398.188324 1492.000000
-395.151093 1493.000000
-389.747650 1485.000000
-384.119690 1476.000000
-381.370270 1478.000000
-378.356506 1479.000000
-376.606903 1485.000000
-374.579651 1490.000000
-371.534027 1491.000000
-368.484467 1492.000000
-364.451843 1489.000000
-360.675568 1487.000000
-356.668335 1484.000000
-352.436707 1480.000000
-349.402832 1481.000000
-346.365082 1482.000000
-342.860596 1481.000000
-339.590332 1481.000000
-336.320648 1481.000000
-333.276459 1482.000000
-330.005676 1482.000000
-326.735718 1482.000000
-323.466309 1482.000000
-320.413635 1483.000000
-317.784851 1486.000000
-314.931854 1488.000000
-311.861389 1489.000000
-308.787140 1490.000000
-304.889069 1487.000000
-301.004974 1484.000000
-297.335327 1482.000000
-293.873840 1481.000000
-289.436279 1475.000000
-285.025879 1469.000000
-282.369080 1472.000000
-279.699829 1475.000000
-276.643372 1476.000000
-273.583282 1477.000000
-270.519623 1478.000000
-267.633087 1480.000000
-263.666840 1476.000000
-259.719025 1472.000000
-256.660797 1473.000000
-253.598892 1474.000000
-250.363693 1474.000000
-247.296921 1475.000000
-244.226669 1476.000000
-241.152878 1477.000000
-238.075516 1478.000000
-234.994644 1479.000000
-231.126755 1475.000000
-227.431824 1472.000000
-223.446198 1467.000000
-219.633453 1463.000000
-217.022675 1467.000000
-214.395157 1471.000000
-211.607590 1474.000000
-208.807693 1477.000000
-204.603683 1470.000000
-200.431244 1463.000000
-197.099014 1462.000000
-193.904846 1462.000000
-191.233185 1466.000000
-188.416763 1469.000000
-185.840302 1474.000000
-183.366745 1480.000000
-179.285599 1473.000000
-175.355530 1467.000000
-172.508560 1470.000000
-169.764648 1474.000000
-166.778076 1476.000000
-163.894592 1479.000000
-160.672989 1479.000000
-157.558777 1480.000000
-154.336777 1480.000000
-151.217758 1481.000000
-148.195160 1483.000000
-145.164764 1485.000000
-141.457474 1480.000000
-137.772781 1475.000000
-134.840576 1478.000000
-131.896225 1481.000000
-129.200333 1487.000000
-126.479256 1493.000000
-122.907524 1489.000000
-119.434326 1486.000000
-116.287849 1487.000000
-113.213913 1489.000000
-110.132256 1491.000000
-107.042633 1493.000000
-103.458427 1488.000000
-99.964149 1484.000000
-96.879211 1486.000000
-93.786377 1488.000000
-90.624878 1489.000000
-87.459816 1490.000000
-84.065063 1487.000000
-80.684135 1484.000000
-77.421371 1483.000000
-74.263802 1484.000000
-71.198380 1487.000000
-68.166550 1491.000000
-65.030960 1493.000000
-61.928970 1496.000000
-58.775620 1498.000000
-55.614227 1500.000000
-52.305260 1498.000000
-49.005764 1496.000000
-45.684910 1493.000000
-42.406288 1491.000000
-38.979309 1483.000000
-35.587440 1475.000000
-32.516411 1480.000000
-29.444229 1486.000000
-26.223520 1485.000000
-23.038605 1486.000000
-19.823282 1485.000000
-16.612984 1484.000000
-13.335260 1475.000000
-10.097013 1466.000000
-6.950314 1468.000000
-3.795472 1470.000000
-0.628865 1463.000000
2.507260 1456.000000
5.608457 1448.000000
8.668749 1439.000000
11.779784 1441.000000
14.898840 1443.000000
18.025915 1445.000000
21.175638 1448.000000
24.203484 1443.000000
27.228306 1439.000000
30.193333 1433.000000
33.155212 1428.000000
36.247242 1429.000000
39.398136 1432.000000
42.591232 1436.000000
45.800808 1440.000000
49.095219 1446.000000
52.378468 1451.000000
55.721069 1457.000000
59.089073 1463.000000
61.844215 1454.000000
64.560516 1445.000000
67.658928 1445.000000
40.124268 649.000000
41.642391 651.000000
43.631695 660.000000
45.386330 665.000000
47.162228 670.000000
49.176907 678.000000
51.375080 688.000000
53.231892 693.000000
55.109764 698.000000
56.116951 692.000000
57.098358 686.000000
58.907532 690.000000
60.646324 693.000000
61.949348 691.000000
63.243755 689.000000
64.811241 690.000000
66.382828 691.000000
67.958649 692.000000
69.638802 694.000000
70.405121 687.000000
71.141335 680.000000
72.488007 679.000000
73.830399 678.000000
75.834435 683.000000
77.859741 688.000000
79.445129 689.000000
81.034569 690.000000
82.030396 686.000000
82.887138 681.000000
84.589371 683.000000
86.426064 686.000000
87.378616 682.000000
88.444237 679.000000
89.894005 679.000000
91.209175 678.000000
93.066628 681.000000
95.075516 685.000000
95.410316 677.000000
95.853752 670.000000
96.848053 667.000000
117.400833 647.000000
118.596039 646.000000
119.786766 645.000000
121.536659 647.000000
123.105064 648.000000
125.061729 651.000000
126.836937 653.000000
128.031296 652.000000
129.221298 651.000000
129.403748 645.000000
129.763306 640.000000
131.330765 641.000000
133.109253 643.000000
132.804733 635.000000
132.677322 628.000000
133.373489 625.000000
134.272400 623.000000
136.468399 627.000000
138.901093 632.000000
140.467285 633.000000
142.037567 634.000000
142.481155 630.000000
142.907516 626.000000
144.238327 626.000000
145.568985 626.000000
147.368774 628.000000
149.176971 630.000000
149.320938 625.000000
149.684586 621.000000
149.544693 615.000000
149.379166 609.000000
150.919830 610.000000
152.464386 611.000000
154.013107 612.000000
156.073364 615.000000
155.843079 609.000000
156.103149 605.000000
157.126358 604.000000
158.407455 604.000000
159.423889 603.000000
160.435867 602.000000
160.368896 597.000000
160.821854 594.000000
162.353348 595.000000
163.888824 596.000000
165.705368 598.000000
167.530197 600.000000
167.956406 597.000000
168.653137 595.000000
169.341125 593.000000
170.308121 592.000000
171.270554 591.000000
172.812180 592.000000
174.063797 592.000000
175.611191 593.000000
176.864273 593.000000
178.117065 593.000000
179.671906 594.000000
180.926086 594.000000
183.406738 598.000000
185.595078 601.000000
185.619354 597.000000
185.626328 593.000000
184.985748 587.000000
184.636810 582.000000
187.779297 588.000000
190.625214 593.000000
191.226883 591.000000
192.145355 590.000000
191.420334 584.000000
190.669647 578.000000
191.553268 577.000000
192.766296 577.000000
194.987503 580.000000
197.220810 583.000000
198.445221 583.000000
199.669144 583.000000
201.237183 584.000000
202.808960 585.000000
203.686935 584.000000
204.560226 583.000000
204.722946 580.000000
205.227615 578.000000
206.437744 578.000000
207.647385 578.000000
211.385971 585.000000
234.059143 572.000000
236.064514 574.000000
238.077515 576.000000
240.928970 580.000000
243.796143 584.000000
240.805969 574.000000
238.616959 566.000000
240.630875 568.000000
243.077957 571.000000
244.253464 571.000000
245.858124 572.000000
246.170578 570.000000
247.341965 570.000000
248.948715 571.000000
250.996796 573.000000
252.612366 574.000000
254.673477 576.000000
252.744370 569.000000
251.232101 563.000000
253.729095 566.000000
255.787323 568.000000
258.305420 571.000000
260.834991 574.000000
261.550293 573.000000
262.260834 572.000000
262.045441 569.000000
261.817108 566.000000
263.434265 567.000000
265.054718 568.000000
266.678558 569.000000
268.305725 570.000000
268.517883 568.000000
268.721283 566.000000
268.438995 563.000000
268.622711 561.000000
270.240051 562.000000
272.343628 564.000000
272.514954 562.000000
273.651337 562.000000
275.275848 563.000000
276.903778 564.000000
277.548950 563.000000
277.694336 561.000000
278.825012 561.000000
279.954987 561.000000
280.082123 559.000000
280.200378 557.000000
281.825226 558.000000
283.453308 559.000000
285.593658 561.000000
287.741516 563.000000
288.357330 562.000000
288.968384 561.000000
288.023407 557.000000
287.580841 554.000000
289.209961 555.000000
290.842377 556.000000
291.427948 555.000000
292.008911 554.000000
295.759613 559.000000
299.529541 564.000000
300.120422 563.000000
300.706604 562.000000
302.362152 563.000000
304.560120 565.000000
306.224365 566.000000
308.434906 568.000000
309.562805 568.000000
311.237030 569.000000
310.718567 566.000000
310.738678 564.000000
311.856110 564.000000
313.527771 565.000000
314.089020 564.000000
314.645752 563.000000
313.515381 559.000000
313.494293 557.000000
316.288757 560.000000
319.661285 564.000000
322.480286 567.000000
325.310608 570.000000
324.143341 566.000000
323.534576 563.000000
322.913361 560.000000
322.858521 558.000000
324.537048 559.000000
327.384064 562.000000
331.995911 568.000000
336.630890 574.000000
336.581696 572.000000
336.524109 570.000000
338.235352 571.000000
339.950195 572.000000
339.283417 569.000000
339.800964 568.000000
338.513672 564.000000
337.812561 561.000000
338.307617 560.000000
339.404510 560.000000
344.149384 566.000000
348.917603 572.000000
346.977448 567.000000
345.631409 563.000000
346.117188 562.000000
347.216675 562.000000
347.696228 561.000000
348.171753 560.000000
350.514252 562.000000
353.490204 565.000000
355.850189 567.000000
358.847534 570.000000
359.962006 570.000000
