-851.811096 1740.000000
-816.278503 1680.000000
-805.327698 1670.000000
-801.658997 1675.000000
-795.608826 1675.000000
-789.587708 1675.000000
-782.659180 1673.000000
-776.236694 1672.000000
-775.376892 1683.000000
-790.467102 1729.000000
-107.972893 238.000000
-427.911133 1362.000000
-408.549988 1313.000000
-404.286682 1312.000000
-400.345581 1312.000000
-396.113281 1311.000000
-391.598816 1309.000000
-387.699158 1309.000000
-384.103455 1310.000000
-380.512299 1311.000000
-376.925537 1312.000000
-372.205872 1309.000000
-368.639648 1310.000000
-364.520630 1309.000000
-361.244110 1311.000000
-357.420441 1311.000000
-353.876251 1312.000000
-350.335938 1313.000000
-345.215729 1308.000000
-342.744293 1313.000000
-338.446198 1311.000000
-334.934692 1312.000000
-330.164520 1308.000000
-327.422577 1312.000000
-323.679901 1312.000000
-319.702179 1311.000000
-315.979858 1311.000000
-312.266083 1311.000000
-308.796204 1312.000000
-304.631409 1310.000000
-300.945587 1310.000000
-297.721741 1312.000000
-293.822418 1311.000000
-289.715332 1309.000000
-286.719940 1312.000000
-282.636780 1310.000000
-278.785431 1309.000000
-275.998169 1313.000000
-271.536713 1309.000000
-268.332855 1311.000000
-264.519379 1310.000000
-261.316071 1312.000000
-257.323181 1310.000000
-253.735550 1310.000000
-250.536652 1312.000000
-247.145401 1313.000000
-243.198807 1311.000000
-239.269730 1309.000000
-236.258316 1312.000000
-232.704895 1312.000000
-229.157791 1312.000000
-225.616806 1312.000000
-221.912704 1311.000000
-218.053345 1309.000000
-214.866180 1311.000000
-211.190399 1310.000000
-207.842758 1311.000000
-204.183655 1310.000000
-201.148193 1313.000000
-197.349457 1311.000000
-193.418808 1308.000000
-190.235443 1310.000000
-186.761414 1310.000000
-183.292435 1310.000000
-179.965652 1311.000000
-176.369125 1310.000000
-172.518631 1307.000000
-169.464798 1310.000000
-166.272964 1312.000000
-162.330536 1308.000000
-158.899307 1308.000000
-155.591248 1309.000000
-152.282166 1310.000000
-148.744705 1309.000000
-145.438492 1310.000000
-141.697342 1307.000000
-138.716263 1311.000000
-135.098862 1309.000000
-131.495529 1307.000000
-128.102188 1307.000000
-124.807709 1308.000000
-121.511360 1309.000000
-117.942474 1307.000000
-114.737717 1309.000000
-111.185394 1307.000000
-107.976456 1309.000000
-104.600288 1309.000000
-101.072273 1307.000000
-97.706764 1307.000000
-94.416183 1308.000000
-90.914238 1306.000000
-87.626106 1307.000000
-84.270752 1307.000000
-80.917763 1307.000000
-77.566971 1307.000000
-74.275032 1308.000000
-70.600525 1302.000000
-65.098717 1260.000000
-55.983192 1140.000000
-52.184559 1121.000000
-49.144497 1117.000000
-46.333481 1118.000000
-43.518631 1119.000000
-40.699932 1120.000000
-37.708363 1116.000000
-34.956951 1119.000000
-32.047718 1117.000000
-29.202055 1117.000000
-26.357075 1117.000000
-23.492002 1116.000000
-20.706581 1119.000000
-17.826847 1117.000000
-14.984735 1117.000000
-12.121290 1115.000000
-9.310135 1118.000000
-6.466642 1118.000000
-3.626730 1119.000000
-0.779143 1116.000000
2.056737 1115.000000
4.909468 1119.000000
7.775545 1122.000000
11.329663 1196.000000
15.476415 1288.000000
19.014114 1306.000000
22.318819 1305.000000
25.717068 1309.000000
29.025274 1308.000000
32.353691 1308.000000
35.655624 1307.000000
39.012760 1308.000000
42.343655 1308.000000
45.710350 1309.000000
48.895916 1305.000000
52.342251 1308.000000
55.634892 1307.000000
59.014027 1308.000000
62.304291 1307.000000
65.641190 1307.000000
69.085152 1309.000000
72.319771 1307.000000
75.661537 1307.000000
79.005226 1307.000000
82.224815 1305.000000
85.763992 1308.000000
89.048180 1307.000000
92.470711 1308.000000
95.900772 1309.000000
99.262451 1309.000000
102.548218 1308.000000
105.912292 1308.000000
109.279076 1308.000000
112.648430 1308.000000
116.020737 1308.000000
119.487122 1309.000000
122.774139 1308.000000
126.348213 1310.000000
129.539703 1308.000000
132.825821 1307.000000
136.318527 1308.000000
139.712982 1308.000000
143.220367 1309.000000
146.512695 1308.000000
149.803467 1307.000000
153.444473 1309.000000
156.620499 1307.000000
160.524826 1311.000000
163.703629 1309.000000
167.004044 1308.000000
170.433670 1308.000000
174.000626 1309.000000
177.306290 1308.000000
180.749283 1308.000000
184.337860 1309.000000
187.649445 1308.000000
191.399124 1310.000000
194.420334 1307.000000
198.187836 1309.000000
201.971039 1311.000000
204.986603 1308.000000
208.788391 1310.000000
212.120087 1309.000000
215.616837 1309.000000
219.118988 1309.000000
222.457031 1308.000000
225.968124 1308.000000
229.485306 1308.000000
233.186447 1309.000000
236.718475 1309.000000
240.073029 1308.000000
243.428589 1307.000000
247.352066 1309.000000
249.951035 1304.000000
254.279160 1308.000000
257.847260 1308.000000
261.222290 1307.000000
265.003998 1308.000000
268.182281 1306.000000
271.980957 1307.000000
275.581482 1307.000000
278.975830 1306.000000
282.804749 1307.000000
286.647034 1308.000000
290.280212 1308.000000
293.696747 1307.000000
296.660492 1304.000000
300.306213 1304.000000
300.929871 1291.000000
303.140076 1285.000000
306.518188 1284.000000
311.348267 1289.000000
314.504456 1287.000000
319.882660 1294.000000
323.058838 1292.000000
325.220673 1286.000000
328.635986 1285.000000
332.054504 1284.000000
336.783600 1288.000000
309.822601 1172.000000
530.969360 1398.000000
801.305237 2092.000000
888.422607 2300.000000
918.097900 2357.000000
918.712402 2339.000000
916.464233 2314.000000
913.280396 2287.000000
888.606812 2207.000000
872.767883 2150.000000
902.005188 2204.000000
911.824768 2210.000000
913.392578 2196.000000
902.735657 2153.000000
901.115051 2132.000000
901.084900 2115.000000
901.396973 2099.000000
893.836975 2065.000000
898.288391 2059.000000
902.287659 2052.000000
906.710632 2046.000000
911.121338 2040.000000
478.915344 1064.000000
555.210327 1224.000000
874.914978 1914.000000
879.820007 1910.000000
882.870117 1902.000000
889.168091 1901.000000
897.375183 1904.000000
901.836243 1899.000000
914.428528 1911.000000
