-854.042419 1195.209351
-851.484558 1197.033203
-848.923340 1198.850952
-845.782837 1199.845459
-843.791260 1202.468750
-842.365295 1205.908569
-840.357788 1208.526611
-837.773926 1210.319336
-835.753540 1212.929932
-833.160095 1214.712891
-831.126465 1217.316406
-828.523071 1219.089966
-827.035889 1222.514648
-823.861694 1223.450684
-821.800110 1226.040527
-820.285339 1229.459473
-818.205627 1232.045166
-815.014771 1232.959839
-812.921814 1235.537964
-811.916077 1239.786743
-808.710388 1240.686768
-806.047302 1242.418579
-805.548950 1247.505859
-803.408936 1250.074097
-801.259888 1252.640015
-797.490662 1252.672729
-795.864136 1256.075195
-792.624451 1256.939941
-791.509094 1261.186035
-787.728333 1261.193604
-787.116394 1266.287720
-784.379639 1267.984741
-781.637085 1269.677490
-779.410706 1272.218018
-777.174683 1274.756714
-775.965942 1279.002930
-772.672729 1279.827515
-770.921692 1283.216553
-768.643738 1285.747681
-765.844482 1287.416992
-763.548096 1289.942505
-760.733887 1291.604370
-759.935547 1296.712646
-756.093018 1296.642212
-754.258789 1300.022827
-750.410400 1299.939331
-749.551025 1305.050049
-746.188721 1305.823730
-745.294556 1310.937500
-741.916382 1311.703369
-740.006348 1315.077393
-737.592957 1317.578735
-733.708984 1317.456909
-731.279236 1319.950317
-730.286438 1325.068970
-727.347839 1326.684204
-725.838501 1330.928955
-722.879333 1332.538574
-720.387573 1335.023682
-717.411621 1336.625366
-715.369873 1339.986694
-712.843750 1342.464722
-712.641052 1349.361328
-707.756775 1347.413208
-705.658752 1350.770020
-703.545044 1354.126221
-701.415588 1357.482300
-698.356140 1359.058716
-695.743896 1361.520996
-694.025757 1365.763672
-690.483398 1366.437500
-687.835205 1368.891846
-686.962769 1374.921509
-682.947449 1374.687622
-681.589417 1379.824341
-677.561890 1379.578613
-676.167114 1384.715576
-673.437500 1387.156860
-670.695496 1389.595215
-668.373779 1392.932129
-665.174377 1394.462891
-663.251953 1398.699097
-660.029541 1400.222656
-658.071655 1404.457520
-654.826172 1405.973755
-652.412537 1409.299683
-649.145752 1410.807251
-647.534302 1415.947388
-644.242188 1417.448242
-641.353149 1419.855103
-639.679871 1424.995483
-636.351379 1426.484863
-633.419556 1428.883301
-630.474854 1431.277832
-627.917908 1434.584717
-625.343872 1437.890015
-622.752502 1441.193359
-619.354553 1442.656738
-617.125000 1446.874023
-614.093323 1449.249512
-611.824341 1453.464355
-608.761963 1455.833740
-606.069885 1459.122314
-602.978882 1461.484253
-601.012085 1466.617798
-597.887939 1468.973999
-594.750366 1471.325806
-591.972046 1474.601196
-588.435242 1476.015991
-585.625732 1479.284302
-583.164246 1483.480469
-579.953125 1485.812256
-576.728577 1488.139404
-573.849670 1491.395020
-570.952820 1494.647583
-568.747131 1499.767212
-565.809692 1503.015015
-561.104004 1501.575928
-558.489502 1505.750488
-556.197815 1510.861694
-553.192444 1514.093994
-550.850647 1519.203125
-547.804443 1522.429932
-544.403625 1524.711182
-540.655212 1526.044434
-538.224487 1531.144043
-535.436829 1535.298706
-531.318298 1535.670654
-528.494019 1539.816895
-525.969177 1544.907471
-522.776672 1548.101929
-519.565674 1551.291748
-515.705933 1552.579102
-513.088745 1557.657959
-509.822754 1560.834106
-506.230103 1563.054077
-502.929688 1566.220093
-500.217560 1571.286621
-495.972656 1571.583130
-493.813538 1578.550537
-490.136139 1580.743408
-486.738831 1583.885254
-483.323120 1587.021851
-479.888855 1590.152710
-477.009216 1595.194336
-474.101501 1600.233276
-470.602295 1603.350342
-467.084778 1606.461670
-463.825409 1610.527832
-460.268524 1613.627930
-456.421265 1615.759399
-453.099426 1619.809570
-449.487213 1622.890991
-445.856689 1625.966187
-442.993652 1631.929810
-439.578491 1635.959717
-436.139984 1639.984375
-431.914520 1641.102295
-428.436829 1645.113892
-425.185364 1650.088135
-421.411530 1653.119995
-417.863953 1657.114258
-414.293091 1661.102783
-410.698975 1665.085205
-406.844727 1668.089844
-403.675537 1674.003418
-399.313416 1675.049194
-395.402161 1678.031738
-391.926392 1682.954102
-388.422272 1687.871094
-384.003174 1688.881836
-380.233765 1692.809570
-376.441223 1696.729858
-372.839722 1701.620117
-369.421448 1707.481445
-365.343231 1710.403809
-361.040894 1712.339233
-357.337158 1717.202026
-353.806396 1723.037354
-349.249634 1723.966797
-345.665436 1729.788208
-341.661285 1733.641479
-338.015900 1739.449463
-333.584778 1741.322998
-329.512421 1745.151245
-325.417419 1748.971069
-321.480164 1753.765747
-317.159729 1756.584839
-313.347229 1762.347534
-309.156830 1766.133057
-304.774323 1768.924194
-301.043213 1775.648682
-296.286987 1776.448730
-292.495514 1783.157227
-287.710724 1783.935547
-283.389343 1787.664551
-279.353668 1793.360229
-274.982941 1797.070313
-271.184570 1804.726563
-266.321533 1805.450562
-261.595825 1807.151611
-257.983856 1816.761597
-253.076874 1817.451660
-248.840485 1823.083130
-244.174149 1825.731689
-239.881332 1831.343506
-235.174820 1833.970337
-230.701233 1838.569702
-226.201126 1843.158813
-221.912659 1849.723145
-217.004837 1851.312378
-212.655319 1857.856323
-207.824631 1860.415283
-202.978485 1862.962036
-198.644974 1870.468628
-194.063339 1875.976196
-189.049561 1877.493286
-184.221039 1880.987427
-179.656387 1887.455933
-174.778946 1890.926758
-170.149307 1897.373047
-164.963562 1897.830933
-160.193542 1903.257446
-155.392593 1908.671875
-150.404129 1912.080688
-145.471619 1916.473755
-140.732864 1923.846436
-135.671768 1927.217163
-130.523758 1929.577515
-125.750435 1937.911255
-120.496399 1939.246826
-115.530640 1945.559814
-110.472832 1950.861328
-105.223839 1953.154541
-100.114639 1958.429565
-94.879219 1961.693481
-89.625267 1964.943848
-84.352913 1968.179932
-79.142288 1973.400269
-73.865250 1977.607666
-68.599144 1982.800415
-63.335972 1988.978516
-57.951145 1992.143921
-52.469700 1992.295776
-47.081524 1996.431396
-41.691105 2001.552368
-36.200096 2002.659302
-30.733578 2005.751099
-25.224798 2006.828003
-19.719929 2008.889893
-14.196709 2009.936523
-8.663435 2009.967896
-3.125467 2006.984253
2.397079 2004.985229
7.935939 2009.970947
13.461852 2008.941528
19.000689 2009.896729
24.519928 2008.836914
30.032932 2007.761841
35.468746 2002.672363
40.937290 2000.567871
46.347462 1996.448486
51.812134 1995.313965
57.154953 1990.166138
62.500282 1986.003540
67.890442 1983.825317
73.194000 1979.633911
78.513313 1976.427856
83.771591 1972.208252
88.825127 1963.979126
94.215820 1963.727783
99.452240 1960.465942
104.616219 1956.191406
109.755592 1951.903442
114.752647 1945.605591
119.775597 1940.293335
124.768166 1934.968506
129.864426 1931.626587
135.011017 1929.268799
139.853165 1922.907837
144.884766 1919.526978
149.662598 1913.141968
154.726929 1910.732544
159.693161 1907.313477
164.380676 1900.892822
169.298218 1897.449219
174.195389 1893.993408
178.977722 1889.529541
183.637070 1884.058716
188.464386 1880.567139
193.168335 1876.068604
197.846191 1871.558716
202.281967 1865.049561
206.791214 1859.524170
211.834564 1858.956421
216.293350 1853.409058
221.075790 1850.830566
225.478592 1845.262329
230.345016 1843.653320
234.567398 1837.072388
239.010895 1832.465820
243.295364 1826.857788
248.355453 1827.186035
252.728424 1822.548218
257.074188 1817.900635
261.250122 1812.253540
265.538727 1807.587280
269.799927 1802.911743
274.485718 1801.192871
278.546722 1795.509644
283.198608 1793.769409
287.363190 1789.055664
291.661316 1785.320435
295.609283 1779.602661
300.190277 1777.821533
304.251953 1773.072510
308.457489 1769.300659
312.291779 1763.550293
316.623810 1760.745728
320.579315 1755.963867
325.053345 1754.124146
328.591156 1747.360107
333.027344 1745.501831
337.071136 1741.670044
341.092133 1737.829956
345.285370 1734.962402
349.065216 1730.125488
352.215790 1722.342651
356.946106 1722.389771
360.441040 1716.553101
364.318695 1712.667236
367.962524 1707.796509
372.430878 1706.827515
376.244141 1702.918701
380.034210 1699.002930
383.800995 1695.080200
387.097809 1689.201172
391.039001 1686.240234
394.733521 1682.297852
398.635651 1679.322144
402.052551 1674.393799
406.149017 1672.375854
410.232117 1670.349121
413.820007 1666.372925
417.627960 1663.360596
419.941406 1654.525635
424.194672 1653.440308
427.937408 1650.409546
431.154602 1645.437378
435.367371 1644.327759
438.020966 1637.412720
441.940765 1635.322998
446.373810 1635.155273
449.473938 1630.156860
452.814087 1626.118408
456.130676 1622.075073
459.697052 1618.988892
463.244812 1615.896851
466.496033 1611.838379
469.724030 1607.775635
472.928375 1603.708374
476.965179 1602.512329
479.267120 1595.561646
483.561798 1595.310181
487.267242 1593.136597
490.959137 1590.956299
492.853455 1583.040527
496.203644 1579.897339
499.837494 1577.702515
503.457397 1575.501465
506.450012 1571.390381
508.801270 1565.373901
513.922913 1567.909790
515.288635 1559.038086
518.504578 1555.863525
522.020508 1553.632324
525.202026 1550.448486
528.688171 1548.206299
531.509460 1544.067505
534.635681 1540.871216
537.743408 1537.670654
540.500366 1533.523315
543.903870 1531.258301
546.619568 1527.104980
550.669617 1526.712402
553.348694 1522.551758
556.348755 1519.328369
558.984497 1515.163208
562.642761 1513.808716
565.590515 1510.574341
568.167114 1506.401123
571.076294 1503.161377
574.682190 1501.786499
576.840393 1496.672852
580.057129 1494.356323
583.624390 1492.966797
586.083740 1488.779419
588.152039 1483.661499
590.935120 1480.401978
594.446106 1478.995605
597.572998 1476.656250
599.554443 1471.534424
603.027405 1470.114746
604.964600 1464.991943
608.794678 1464.487427
611.462036 1461.207886
614.888062 1459.769531
616.743774 1454.642700
619.750793 1452.276978
621.955322 1448.069702
625.328430 1446.616211
627.495789 1442.406250
629.240784 1437.280640
632.975464 1436.732544
636.300476 1435.263062
639.209290 1432.875000
641.285889 1428.659058
643.752808 1425.354858
647.030090 1423.870117
649.051270 1419.651978
652.304810 1418.159912
655.549683 1416.662842
656.675781 1410.627808
659.893127 1409.125610
662.249573 1405.809204
665.017456 1403.395508
667.772705 1400.978882
671.380005 1400.362671
671.942444 1393.434814
675.526733 1392.812012
677.353027 1388.587646
681.801514 1389.751221
683.156372 1384.626587
684.931519 1380.401245
689.365112 1381.545898
691.560120 1378.211182
694.189331 1375.768677
695.901489 1371.540161
698.957092 1369.985474
701.091614 1366.646973
703.210144 1363.308105
706.233459 1361.744141
707.862000 1357.516113
711.792175 1357.717896
713.391052 1353.488159
715.906799 1351.027588
718.410889 1348.564819
721.375244 1346.981323
723.858032 1344.513062
725.377258 1340.283813
728.788879 1339.570313
731.237061 1337.095947
733.192200 1333.742798
735.132080 1330.390015
738.027954 1328.785645
740.429016 1326.303955
743.308472 1324.692505
744.706604 1320.463745
748.058777 1319.717163
749.427368 1315.488770
752.765198 1314.734131
753.605835 1309.639526
755.926331 1307.146484
760.245972 1308.109741
760.535156 1302.154663
763.329773 1300.518311
766.117615 1298.877930
767.368958 1294.652832
770.137695 1293.007568
772.386353 1290.500488
775.655273 1289.705200
777.369873 1286.336182
780.108582 1284.677124
781.799255 1281.306519
783.998901 1278.788940
785.664063 1275.418091
788.894653 1274.598511
788.954285 1268.677612
794.288513 1271.244141
794.849670 1266.173096
799.124634 1267.027588
800.192993 1262.802979
802.855713 1261.111572
804.435181 1257.731201
807.082947 1256.033813
809.725159 1254.332031
812.361816 1252.625977
814.446960 1250.077637
815.975586 1246.690796
817.491882 1243.304077
820.098206 1241.586548
823.252258 1240.697632
823.076904 1234.809570
826.773743 1234.744995
828.798218 1232.181885
830.814636 1229.616699
835.068909 1230.358765
834.822449 1224.479248
837.944397 1223.556885
839.931763 1220.979858
842.479858 1219.223145
845.023621 1217.461426
846.991333 1214.874390
848.377930 1211.465698
852.630249 1212.146118
854.003845 1208.730835
855.366943 1205.315063
857.299805 1202.713013
860.390076 1201.734253
861.729004 1198.312012
863.057739 1194.889160
867.312500 1195.512573
