-859.274780 1202.531982
-856.701294 1204.367065
-854.124390 1206.195801
-850.968201 1207.201416
-848.960815 1209.835815
-848.091736 1214.106445
-845.495850 1215.915771
-842.896179 1217.719360
-841.427368 1221.164429
-838.250732 1222.134766
-836.201172 1224.749146
-833.581909 1226.533447
-832.078796 1229.968994
-828.888672 1230.915771
-826.811096 1233.516357
-825.835327 1237.777832
-823.737793 1240.375488
-820.529053 1241.301880
-818.418213 1243.891846
-817.394592 1248.152466
-813.624939 1248.226440
-811.489929 1250.807617
-810.973572 1255.906494
-808.815430 1258.486450
-807.187134 1261.906250
-802.860962 1261.108276
-801.216248 1264.522217
-798.491760 1266.244385
-796.293213 1268.809082
-793.025757 1269.675049
-792.395508 1274.780518
-789.640381 1276.489014
-786.879456 1278.193115
-785.157043 1281.597656
-782.380127 1283.295044
-781.671570 1288.407471
-777.841125 1288.388184
-776.586426 1292.645630
-773.774902 1294.330688
-771.468201 1296.870605
-768.641785 1298.547852
-766.316345 1301.082397
-764.991699 1305.340088
-761.633972 1306.144531
-760.280823 1310.402222
-755.409790 1308.599854
-755.029480 1314.588623
-751.646240 1315.374268
-750.731079 1320.500000
-747.331848 1321.277954
-745.891052 1325.535278
-743.454651 1328.049561
-739.547546 1327.940674
-736.125366 1328.697510
-735.595886 1334.702637
-733.116638 1337.206543
-731.105103 1340.586060
-728.124451 1342.207397
-726.086121 1345.584229
-722.613647 1346.317383
-721.021240 1350.572510
-718.471436 1353.063110
-718.712036 1360.856567
-712.871948 1357.151489
-710.752136 1360.519653
-709.538513 1365.661987
-706.924133 1368.143188
-704.297668 1370.621460
-701.659302 1373.097046
-699.461975 1376.461548
-695.895386 1377.147583
-693.671936 1380.507813
-693.220093 1387.445190
-689.176270 1387.225464
-687.346863 1391.479736
-682.851868 1390.349487
-681.871338 1396.397095
-679.551758 1399.750977
-676.780884 1402.203369
-674.430237 1405.554199
-670.771301 1406.196167
-668.821899 1410.445190
-665.998840 1412.886230
-664.011719 1417.134766
-660.736938 1418.664673
-657.873779 1421.096802
-654.997681 1423.525391
-653.356689 1428.679077
-650.034973 1430.193359
-646.704651 1431.702393
-645.413269 1437.767456
-642.054932 1439.270264
-639.093201 1441.681885
-636.118469 1444.089844
-633.932434 1448.325928
-630.927307 1450.728271
-628.305725 1454.044800
-624.877441 1455.521240
-623.009827 1460.671387
-619.945496 1463.060669
-617.255920 1466.367554
-614.934448 1470.594971
-611.823730 1472.974854
-609.081116 1476.274780
-606.699890 1480.497437
-603.542603 1482.867188
-600.746582 1486.159668
-597.932800 1489.449219
-594.360352 1490.878418
-591.515137 1494.160889
-589.017822 1498.371094
-586.134460 1501.648438
-582.148987 1502.125610
-579.595337 1506.327637
-576.662354 1509.594116
-574.775024 1515.662476
-571.446655 1517.989014
-566.704529 1516.563599
-564.401306 1521.689331
-562.416199 1527.753296
-559.026367 1530.061523
-556.986328 1536.124878
-553.898682 1539.366699
-550.120056 1540.721069
-546.332275 1542.068359
-544.193726 1548.125366
-541.034912 1551.350464
-537.203674 1552.681152
-534.337341 1556.841919
-531.770264 1561.946899
-528.855530 1566.103149
-525.282166 1568.359741
-521.379944 1569.661255
-519.033081 1575.703979
-515.722046 1578.895020
-512.084290 1581.129639
-508.738617 1584.310181
-505.677795 1588.438354
-501.389832 1588.748413
-499.784698 1597.638306
-496.059235 1599.846069
-492.613770 1603.002686
-488.858459 1605.197510
-485.667175 1609.299683
-482.452576 1613.397827
-479.782776 1619.409180
-476.234894 1622.540649
-472.947754 1626.626465
-469.360321 1629.746582
-465.754425 1632.860718
-461.858093 1635.005981
-458.756439 1640.033081
-455.092438 1643.128906
-451.145630 1645.254028
-448.495056 1652.196289
-445.027832 1656.240234
-441.537109 1660.278809
-437.259369 1661.410522
-433.729309 1665.435913
-430.674835 1671.392090
-426.845917 1674.437988
-423.487610 1679.416016
-419.858917 1683.419067
-415.967438 1686.444946
-412.057648 1689.463135
-409.067230 1696.362427
-404.646881 1697.421997
-400.677277 1700.418457
-397.143005 1705.354614
-393.804565 1711.259521
-388.880798 1710.334106
-385.274323 1715.250244
-381.422882 1719.183716
-377.976440 1725.063843
-374.496490 1730.938599
-370.565399 1734.852173
-365.992310 1735.822754
-362.226593 1740.698486
-358.834900 1747.526245
-353.816284 1746.508789
-350.368378 1753.322754
-346.495178 1758.169434
-342.784729 1763.990234
-338.288452 1765.876343
-334.336365 1770.699585
-329.807556 1772.565918
-326.168030 1779.339478
-321.779419 1782.171021
-317.898621 1787.945923
-313.639862 1791.743408
-309.188904 1794.546509
-305.389191 1801.282715
-300.564301 1802.094360
-297.027832 1810.787720
-291.850433 1809.603760
-287.616699 1814.331421
-283.509338 1820.038330
-278.915588 1822.770996
-275.345215 1832.415527
-270.261627 1832.161377
-265.463898 1833.872925
-262.060974 1845.473389
-256.800629 1844.193359
-252.627182 1850.825684
-248.018372 1854.475586
-243.777618 1861.089111
-238.736145 1861.742798
-234.311768 1867.343872
-229.733612 1871.942749
-225.486130 1879.509399
-220.497406 1881.108154
-215.953186 1886.668091
-210.933121 1888.242065
-206.227875 1892.785278
-201.918762 1901.295044
-197.150238 1905.816772
-192.155304 1908.337036
-187.145172 1910.844360
-182.593811 1918.316284
-177.540070 1920.799194
-172.918152 1928.248901
-167.648010 1928.714355
-162.709671 1933.151489
-157.908096 1939.569458
-152.835052 1942.984985
-147.742249 1946.387451
-142.994507 1954.763672
-137.778473 1957.142944
-132.548416 1959.509033
-127.693024 1967.848145
-122.356865 1969.188965
-117.308945 1975.506836
-112.168930 1980.813110
-106.783905 1982.112427
-101.544121 1986.392944
-96.231873 1989.660645
-90.901070 1992.914551
-85.509018 1995.155029
-80.224236 2000.378418
-74.835686 2003.589355
-69.498123 2008.784668
-64.131653 2013.965698
-58.678078 2017.133179
-53.101547 2016.287354
-47.623772 2019.424805
-42.149250 2023.547485
-36.597702 2024.655518
-31.009352 2023.748779
-25.451029 2024.826416
-19.876982 2024.888916
-14.295591 2023.936035
-8.710846 2020.967773
-3.136368 2013.984131
2.404253 2010.985107
7.979370 2020.970825
13.548963 2021.941162
19.133032 2023.895996
24.739618 2026.835449
30.317108 2026.759521
35.822903 2022.669067
41.407833 2023.562866
46.834843 2017.442749
52.435127 2019.305786
57.872620 2015.155640
63.286648 2010.990967
68.779686 2009.809937
74.191597 2006.615234
79.585030 2003.406372
84.917404 1999.183716
90.045006 1990.951294
95.557648 1991.695435
100.921478 1989.428467
106.164902 1985.149902
111.327538 1979.859009
116.518982 1975.553345
121.562370 1969.238037
126.698563 1964.906128
131.876785 1961.558716
137.175110 1960.192871
142.029312 1952.828613
147.067444 1948.444458
152.002304 1943.050415
157.148315 1940.634399
162.196182 1937.208618
166.965286 1930.781128
171.964340 1927.330322
176.942947 1923.867065
181.806671 1919.395630
186.644333 1914.912354
191.455872 1910.417358
196.343430 1906.905396
200.999954 1901.392334
205.516754 1894.874390
210.106949 1889.340210
215.117935 1887.769775
219.654816 1882.213379
224.633881 1880.618652
228.996002 1874.047974
234.064255 1873.421753
238.240433 1865.838623
242.632263 1860.230469
246.991653 1854.612549
252.261261 1855.921631
256.574310 1850.282715
261.134735 1846.614746
265.245209 1839.966919
269.462952 1834.300415
273.943878 1830.603149
278.553314 1827.884521
282.532532 1821.202026
287.409180 1820.438843
291.645111 1815.713867
296.014465 1811.967041
300.033600 1806.237549
304.685638 1804.444458
308.649139 1798.697754
313.094635 1795.899292
316.650940 1788.167114
321.048401 1785.350952
325.069244 1780.557129
329.790680 1779.688721
333.211365 1771.929321
337.712585 1770.058716
341.821320 1766.214355
345.714508 1761.380371
350.165039 1759.481323
354.009460 1754.631470
357.024200 1745.855835
362.019226 1746.869385
365.167480 1739.062012
369.312195 1736.141846
372.806885 1730.280273
377.547272 1730.275635
381.206055 1725.376953
385.273041 1722.424072
388.880066 1717.512207
392.235291 1711.619873
396.234772 1708.645508
399.759064 1703.715942
403.716736 1700.727173
407.189117 1695.785522
411.340942 1693.754272
415.479279 1691.714111
419.122284 1687.724243
422.985291 1684.698242
424.861633 1673.910889
429.413239 1673.781494
433.459167 1671.705200
436.477509 1665.751343
440.998199 1665.594727
443.447784 1657.699219
447.419373 1655.595703
451.904114 1655.413818
455.055817 1650.401245
458.447418 1646.348511
461.815369 1642.290894
465.159882 1638.228271
469.031921 1636.083496
472.056183 1631.049805
475.332672 1626.972900
478.585419 1622.891479
482.670502 1621.681152
484.732971 1613.758423
489.363373 1614.450073
493.116791 1612.261841
496.856537 1610.066895
498.501343 1601.181519
501.896790 1598.024170
505.877838 1596.768433
509.545135 1594.552246
512.585083 1590.426025
514.365295 1582.492188
519.840820 1585.964478
521.251160 1577.078125
524.195496 1572.940063
527.753479 1570.694824
530.976990 1567.496704
534.505066 1565.240356
537.368103 1561.087280
540.536011 1557.876587
543.685303 1554.661499
546.151367 1549.556396
549.928650 1548.219849
552.685669 1544.051880
556.776855 1543.644531
559.155457 1538.529175
562.194214 1535.291626
564.522461 1530.174194
568.565308 1529.743530
571.902161 1527.431274
574.519287 1523.242798
577.113770 1519.053101
580.757813 1517.663574
582.954041 1512.535400
585.846863 1509.271973
589.449707 1507.868530
591.944580 1503.667236
594.048340 1498.535278
596.496033 1494.333008
600.412964 1493.841187
603.575012 1491.487793
605.591492 1486.351685
609.099426 1484.917603
610.689819 1478.856323
614.552490 1478.338135
617.252380 1475.045044
621.099060 1474.514648
622.598938 1468.452637
625.638245 1466.073120
627.874939 1461.852051
630.883423 1459.466797
633.080627 1455.244019
634.855408 1450.105347
639.023010 1450.459229
642.379761 1448.975708
645.320251 1446.573608
647.018982 1441.431274
649.515320 1438.113770
652.821899 1436.615723
654.456543 1431.474854
658.572937 1431.787231
661.429077 1429.368286
662.162170 1422.413330
665.830444 1421.804077
668.215820 1418.474121
671.012451 1416.046753
673.366211 1412.713867
677.432373 1412.986694
677.588989 1405.144287
681.199768 1404.508667
683.052429 1400.271606
687.527222 1401.422241
688.465881 1395.387939
691.154114 1392.942261
695.169373 1393.178101
697.838867 1390.724121
700.045593 1387.374756
701.331116 1382.241333
704.865051 1381.565308
707.025330 1378.213623
708.711121 1373.972778
711.758118 1372.396729
713.410278 1368.156372
717.363953 1368.345825
719.452515 1364.988403
721.525391 1361.630859
724.052856 1359.155640
727.040527 1357.559692
729.546509 1355.078979
731.564819 1351.716675
734.523621 1350.111206
737.474670 1348.501587
738.972900 1344.258545
740.452148 1340.017822
743.854492 1339.276001
745.790955 1335.908569
748.691223 1334.285400
750.601379 1330.915894
753.976196 1330.156616
755.367371 1325.915405
758.230835 1324.280029
759.590820 1320.040405
761.433044 1316.668701
766.778137 1319.349365
766.082825 1311.653198
769.403992 1310.867310
771.705994 1308.352417
772.977661 1304.115356
775.766602 1302.458130
777.521912 1299.080933
781.324524 1299.131714
782.541992 1294.894653
785.298950 1293.224487
787.528625 1290.696533
789.225525 1287.314209
790.908813 1283.932251
794.157471 1283.101440
794.235107 1277.169434
800.117188 1280.572876
800.166382 1274.642456
804.992676 1276.331543
805.545410 1271.249756
808.763000 1270.390625
809.823181 1266.155396
813.029297 1265.287842
815.690979 1263.573608
817.802979 1261.015991
819.905701 1258.456177
820.904297 1254.221191
822.985779 1251.659668
825.058472 1249.096069
828.781128 1249.030029
828.068604 1242.298340
832.893860 1243.885010
834.379333 1240.479370
836.413086 1237.902466
840.123169 1237.805420
839.892212 1231.915283
843.594727 1231.807495
845.032593 1228.394653
847.596130 1226.627319
850.725525 1225.676392
852.710388 1223.077393
853.540466 1218.837646
857.808167 1219.507446
859.197144 1216.081177
860.575562 1212.654663
863.104126 1210.855957
865.629272 1209.051880
866.983459 1205.618774
868.327454 1202.184937
872.597412 1202.797363
