-852.879639 1193.582153
-850.325256 1195.403564
-848.345459 1198.034790
-845.782837 1199.845459
-842.642456 1200.831665
-841.792603 1205.088745
-839.786926 1207.705566
-837.773926 1210.319336
-835.186157 1212.106567
-832.594482 1213.888306
-829.998779 1215.664673
-827.960999 1218.262817
-825.354919 1220.029907
-823.303162 1222.621216
-820.686584 1224.379150
-818.620361 1226.963989
-818.205627 1232.045166
-813.911865 1231.291382
-811.822510 1233.867188
-810.272522 1237.277100
-807.618286 1239.011353
-804.414551 1239.901855
-803.921631 1244.985596
-801.786987 1247.550415
-800.721008 1251.797607
-796.953613 1251.829224
-794.258484 1253.541016
-792.624451 1256.939941
-791.509094 1261.186035
-788.258057 1262.041748
-787.116394 1266.287720
-783.853516 1267.134277
-781.112854 1268.825928
-777.843506 1269.660034
-776.654114 1273.902954
-775.447266 1278.148071
-771.122253 1277.259277
-771.436646 1284.073730
-768.130615 1284.889282
-765.333252 1286.557495
-762.529358 1288.221436
-760.226440 1290.742676
-758.418762 1294.124390
-755.085571 1294.914429
-754.760620 1300.887817
-748.910583 1297.341187
-749.052979 1304.182861
-745.692627 1304.955444
-744.306091 1309.198853
-740.931763 1309.962646
-739.515930 1314.205933
-737.104492 1316.706177
-733.708984 1317.456909
-731.279236 1319.950317
-730.286438 1325.068970
-726.867126 1325.807373
-725.838501 1330.928955
-721.448792 1329.901611
-719.437866 1333.263672
-715.992859 1333.982056
-714.898926 1339.104614
-711.436829 1339.815063
-710.773071 1345.824341
-707.756775 1347.413208
-704.269714 1348.111084
-702.622925 1352.351563
-700.956543 1356.593872
-697.899109 1358.169312
-694.833801 1359.740112
-693.572693 1364.872192
-690.032349 1365.544922
-688.284180 1369.785400
-686.962769 1374.921509
-681.612671 1372.000854
-680.703674 1378.031128
-675.798523 1375.988281
-676.167114 1384.715576
-673.437500 1387.156860
-669.826172 1387.794067
-667.508545 1391.129028
-663.882813 1391.755127
-661.966553 1395.988403
-658.750427 1397.509033
-657.223083 1402.646484
-654.403992 1405.067261
-651.152222 1406.577271
-647.891785 1408.081909
-645.870728 1412.309692
-642.587097 1413.806763
-640.118225 1417.121094
-639.270325 1424.083130
-634.721802 1422.831909
-631.798523 1425.226440
-629.668640 1429.447632
-627.115967 1432.752563
-623.748657 1434.221924
-621.959167 1439.357422
-618.171082 1439.900024
-616.340332 1445.034424
-614.093323 1449.249512
-610.660461 1450.699341
-607.604614 1453.065918
-605.686340 1458.198853
-601.834717 1458.711060
-599.116150 1461.991211
-597.133972 1467.121582
-594.000854 1469.471680
-590.854431 1471.817139
-588.435242 1476.015991
-585.625732 1479.284302
-582.432556 1481.619141
-578.862305 1483.017578
-576.005859 1486.274536
-573.849670 1491.395020
-569.882324 1491.845093
-568.392578 1498.832153
-565.457397 1502.079224
-559.353821 1496.892334
-558.141785 1504.812866
-555.852356 1509.923218
-552.162964 1511.276245
-550.509766 1518.262939
-547.465881 1521.489014
-543.394836 1521.885864
-539.653381 1523.216675
-537.229614 1528.313843
-534.778259 1533.410278
-530.991333 1534.725586
-527.844788 1537.925293
-525.002319 1542.067505
-523.096619 1549.049316
-517.977783 1546.550659
-515.075439 1550.681152
-512.150208 1554.808594
-509.201752 1558.932983
-505.613892 1561.151367
-502.012512 1563.363770
-499.610870 1569.380981
-495.069794 1568.722168
-493.514984 1577.596191
-489.543823 1578.833130
-485.857605 1581.017578
-483.031769 1586.065308
-479.311035 1588.238037
-476.436218 1593.278198
-472.965271 1596.398071
-469.475800 1599.512207
-466.526398 1604.541260
-462.995178 1607.645020
-459.719910 1611.704590
-455.605743 1612.872314
-452.560669 1617.883423
-448.419556 1619.036133
-445.327789 1624.037354
-442.469727 1629.999756
-438.540527 1632.096802
-435.368958 1637.085205
-430.896454 1637.234009
-427.932800 1643.178467
-424.187286 1646.214600
-421.164520 1652.151001
-417.863953 1657.114258
-413.809082 1659.162231
-409.741089 1661.201660
-405.896912 1664.203735
-402.972260 1671.087036
-398.617737 1672.130981
-394.484772 1674.138428
-391.245941 1680.032349
-387.525238 1683.973022
-383.116302 1684.981445
-379.576294 1689.882446
-376.008026 1694.777344
-371.769592 1696.735962
-368.152679 1701.617188
-364.716553 1707.470093
-360.215668 1708.425293
-356.725952 1714.265015
-353.001831 1719.119141
-348.256897 1719.066406
-344.881622 1725.865723
-340.887848 1729.716919
-337.252869 1735.522949
-332.455902 1735.430176
-328.955811 1742.203369
-325.051575 1747.004761
-320.758942 1749.831299
-316.804382 1754.616699
-312.647003 1758.409424
-308.811981 1764.162964
-303.755585 1763.011353
-300.541748 1772.690918
-295.957947 1774.476074
-292.009918 1780.196777
-287.073853 1779.986694
-282.606506 1782.726318
-278.891937 1790.395996
-274.226654 1792.127930
-270.590210 1800.770996
-265.883728 1802.482666
-261.166046 1804.182617
-257.421478 1812.801392
-252.525208 1813.489868
-248.299530 1819.119873
-243.511353 1820.775879
-239.491699 1828.368896
-234.411682 1828.019165
-230.203232 1834.600830
-225.713882 1839.188721
-221.555298 1846.744629
-216.539169 1847.339600
-212.086731 1852.888794
-207.158524 1854.452515
-202.653549 1859.979736
-198.011337 1864.502197
-193.651749 1871.997437
-188.648819 1873.513428
-183.831146 1877.006470
-179.277359 1883.473999
-174.410797 1886.943726
-169.881363 1894.385010
-164.703766 1894.842285
-159.774185 1898.275024
-155.149155 1905.681885
-150.090454 1908.093018
-145.093170 1911.488159
-140.441040 1919.857178
-135.531311 1925.222168
-130.118820 1923.591309
-125.426666 1932.921753
-120.248337 1935.254639
-115.234253 1940.568604
-110.246681 1946.867798
-104.901070 1947.163330
-99.910423 1954.434814
-94.541054 1954.701660
-89.488571 1961.946899
-84.224457 1965.182739
-79.022072 1970.402710
-73.678627 1972.611206
-68.495415 1979.802246
-63.176838 1983.981079
-57.834835 1988.145630
-52.364391 1988.297241
-46.987217 1992.432495
-41.670280 2000.552612
-36.127804 1998.659912
-30.687614 2002.751465
-25.187092 2003.828247
-19.690481 2005.890015
-14.182583 2007.936523
-8.659124 2008.967896
-3.122352 2004.984253
2.395884 2003.985229
7.928043 2007.971069
13.455152 2007.941650
18.981783 2007.896851
24.495518 2006.837036
29.988062 2004.762207
35.397915 1998.673096
40.875912 1997.568481
46.254627 1992.449585
51.708302 1991.315430
57.068832 1987.167358
62.437374 1984.004517
67.822037 1981.826538
73.046211 1975.636597
78.314842 1971.431763
83.644279 1969.211060
88.554039 1957.985229
93.928284 1957.734741
99.249588 1956.471069
104.456009 1953.195801
109.531029 1947.909790
114.576019 1942.610840
119.529144 1936.301025
124.575127 1931.974731
129.663193 1928.633301
134.661972 1924.281006
139.417938 1916.923706
144.658966 1916.535522
149.428635 1910.151123
154.242645 1904.752075
159.192551 1901.334473
164.122223 1897.904053
168.764999 1891.473022
173.829041 1890.010254
178.506241 1884.551880
183.152023 1879.082397
188.065521 1876.587036
192.758652 1872.089722
197.425690 1867.580933
201.958496 1862.067017
206.570160 1857.536499
211.381683 1854.982178
215.945602 1850.429321
220.601379 1846.858887
225.114716 1842.284424
230.097061 1841.668823
234.060776 1833.104614
238.234879 1826.516235
242.899323 1823.884033
247.682037 1822.231689
252.041672 1817.595703
256.654144 1814.930176
260.679382 1808.294556
264.666687 1801.651001
269.355927 1799.944824
273.883118 1797.238525
277.626923 1789.580566
282.262939 1787.842773
286.570251 1784.119019
291.338867 1783.346680
294.953827 1775.656860
299.357819 1772.891357
303.744568 1770.115723
307.770477 1765.360107
311.768677 1760.596191
315.561920 1754.840454
319.501740 1750.061401
324.506744 1751.174316
328.036713 1744.411865
332.465118 1742.555054
336.501129 1738.724609
340.129150 1732.923584
344.699799 1732.020142
348.274109 1726.204468
351.614746 1719.403442
356.337311 1719.452148
359.619080 1712.638550
363.486450 1708.754883
367.330627 1704.863770
371.578156 1702.919556
375.596924 1699.989380
379.597626 1697.051270
382.917694 1691.178955
386.427704 1686.276978
390.135376 1682.343628
394.276642 1680.350708
398.173737 1677.376221
401.352112 1671.476685
405.441040 1669.460571
409.755096 1668.406860
412.614929 1661.520386
416.653900 1659.481079
418.957336 1650.648682
423.200653 1649.565796
427.435425 1648.473633
430.140717 1641.567993
434.855469 1642.394409
437.245728 1634.514648
441.418976 1633.392334
445.583771 1632.261230
448.676544 1627.264771
452.277557 1624.191772
455.318573 1619.187134
459.150757 1617.065063
462.418060 1613.013062
465.384033 1607.996094
469.163147 1605.855957
471.796967 1599.871826
476.394653 1600.595459
477.828766 1590.773071
482.401459 1591.482178
486.682281 1591.223999
490.074524 1588.089722
492.556183 1582.085693
495.604370 1577.989258
498.931458 1574.842651
502.544220 1572.643799
505.222992 1567.583252
507.564819 1561.569824
512.988464 1565.059082
514.974792 1558.088623
517.872253 1553.966187
521.065002 1550.788574
524.560364 1548.554199
528.041870 1546.313599
531.183960 1543.121948
533.652283 1538.036987
537.083191 1535.782837
539.503113 1530.693970
542.899780 1528.431274
545.608582 1524.280518
549.991028 1524.831055
552.323975 1519.732178
555.661072 1517.450317
557.600037 1511.410522
562.294373 1512.871338
565.590515 1510.574341
566.755554 1502.658447
570.365967 1501.291870
573.610046 1498.984741
575.761475 1493.873657
579.333435 1492.491943
582.896240 1491.104126
585.717468 1487.848999
587.046509 1480.872681
589.822937 1477.615845
594.073181 1478.067749
596.447632 1473.875366
598.799805 1469.682373
602.647888 1469.189575
604.201233 1463.143433
608.026978 1462.640625
609.531921 1456.595459
614.499878 1458.847900
615.572693 1451.880737
619.358276 1451.357178
621.166016 1446.232056
625.328430 1446.616211
625.900146 1438.738403
628.839722 1436.364502
632.169128 1434.902222
635.895142 1434.348877
638.394470 1431.048462
640.057373 1425.922241
642.518005 1422.620850
645.789001 1421.138916
647.803894 1416.923706
651.886963 1417.251343
654.289795 1413.940186
656.253784 1409.721313
659.044922 1407.314331
662.249573 1405.809204
664.589233 1402.491821
668.203003 1401.881592
669.650757 1396.755859
671.073730 1391.633301
674.217529 1390.112671
676.037781 1385.891357
680.920593 1387.955566
681.829041 1381.936279
684.931519 1380.401245
688.025696 1378.861572
691.560120 1378.211182
694.189331 1375.768677
694.544067 1368.864868
698.502625 1369.094727
700.635193 1365.757202
702.293274 1361.530640
705.312683 1359.968750
706.937317 1355.742798
710.863586 1355.946533
711.992249 1350.834229
715.906799 1351.027588
717.470520 1346.799683
721.375244 1346.981323
722.435913 1341.871582
725.853210 1341.163330
727.355225 1336.935059
730.277466 1335.341187
732.228699 1331.990234
734.164795 1328.639526
737.056885 1327.037231
739.454163 1324.557739
742.329773 1322.948364
743.232910 1317.850708
745.593201 1315.367432
749.427368 1315.488770
751.771423 1312.998535
754.104614 1310.506226
754.925110 1305.415161
760.245972 1308.109741
759.526489 1300.427734
763.329773 1300.518311
764.085449 1295.432617
767.368958 1294.652832
769.625977 1292.148438
770.845703 1287.926270
773.593750 1286.277466
775.818237 1283.768677
779.070496 1282.967651
780.757568 1279.599243
781.908203 1275.378784
785.139587 1274.566650
787.315857 1272.047607
787.369995 1266.130005
793.228760 1269.548096
792.191284 1261.938354
798.057678 1265.335938
800.192993 1262.802979
802.855713 1261.111572
804.973999 1258.573608
806.542358 1255.192505
810.267517 1255.172119
812.361816 1252.625977
813.355164 1248.401978
814.880310 1245.017456
815.843750 1240.797485
818.995911 1239.917725
822.699341 1239.864380
822.522278 1233.977539
826.773743 1234.744995
827.682007 1230.522339
829.694946 1227.959473
834.507324 1229.531372
834.259155 1223.652954
837.379395 1222.731812
839.931763 1220.979858
841.342896 1217.577759
844.453430 1216.639893
846.991333 1214.874390
847.804321 1210.646606
852.630249 1212.146118
852.272766 1206.280640
854.209534 1203.684082
857.299805 1202.713013
859.807983 1200.921143
861.729004 1198.312012
861.886719 1193.267822
866.138062 1193.893677
