-859.274780 1202.531982
-855.541992 1202.737305
-853.546509 1205.379761
-850.968201 1207.201416
-849.535217 1210.654419
-847.519104 1213.286621
-846.066772 1216.736694
-842.896179 1217.719360
-840.859985 1220.340942
-837.685059 1221.310181
-836.201172 1224.749146
-833.019836 1225.706421
-832.078796 1229.968994
-829.447205 1231.745239
-827.924622 1235.177612
-825.835327 1237.777832
-823.184570 1239.542358
-819.977661 1240.467651
-817.868591 1243.056519
-816.846741 1247.315918
-814.170959 1249.064087
-811.489929 1250.807617
-809.888611 1254.226440
-808.274780 1257.645264
-805.570618 1259.379150
-802.860962 1261.108276
-801.216248 1264.522217
-798.491760 1266.244385
-796.824768 1269.656006
-793.555481 1270.523193
-792.395508 1274.780518
-789.640381 1276.489014
-786.355225 1277.341553
-785.157043 1281.597656
-781.859558 1282.441162
-780.115479 1285.842529
-777.841125 1288.388184
-775.556519 1290.931274
-773.774902 1294.330688
-770.956909 1296.011230
-769.151184 1299.408447
-766.316345 1301.082397
-764.486084 1304.477417
-761.633972 1306.144531
-759.778992 1309.537231
-757.409546 1312.064087
-755.029480 1314.588623
-752.142395 1316.242554
-750.236816 1319.630737
-748.316467 1323.018677
-745.400696 1324.663818
-742.966187 1327.177002
-740.034058 1328.814331
-737.579163 1331.321655
-736.078552 1335.578491
-733.116638 1337.206543
-731.105103 1340.586060
-728.124451 1342.207397
-726.086121 1345.584229
-723.559509 1348.079590
-721.492188 1351.454712
-719.409424 1354.829468
-716.844055 1357.319458
-713.336975 1358.036743
-711.678162 1362.292358
-709.538513 1365.661987
-706.924133 1368.143188
-704.297668 1370.621460
-701.659302 1373.097046
-699.461975 1376.461548
-696.797424 1378.932617
-694.120911 1381.401367
-692.326172 1385.656006
-689.621216 1388.120972
-686.461121 1389.686646
-683.292725 1391.247070
-681.871338 1396.397095
-679.114990 1398.851440
-676.346191 1401.302734
-673.997620 1404.652588
-671.201843 1407.098755
-668.821899 1410.445190
-665.998840 1412.886230
-663.163147 1415.323730
-660.314758 1417.758179
-658.293884 1422.004272
-655.415710 1424.433838
-653.356689 1428.679077
-650.448792 1431.103760
-646.704651 1431.702393
-644.594177 1435.942871
-642.054932 1439.270264
-639.498413 1442.596191
-636.924744 1445.920166
-633.932434 1448.325928
-630.927307 1450.728271
-628.702393 1454.962769
-625.666443 1457.359009
-623.402161 1461.591187
-619.945496 1463.060669
-617.255920 1466.367554
-614.548706 1469.672363
-611.823730 1472.974854
-609.081116 1476.274780
-606.320679 1479.572144
-603.165649 1481.941040
-600.371826 1485.232544
-597.187683 1487.593262
-594.730652 1491.807251
-591.883240 1495.090698
-588.651978 1497.440430
-585.407227 1499.785400
-583.233032 1504.922974
-579.595337 1506.327637
-577.376038 1511.462402
-574.420471 1514.727417
-571.094360 1517.053223
-567.404602 1518.437012
-565.096802 1523.564453
-562.416199 1527.753296
-558.683228 1529.122314
-556.645447 1535.184814
-553.560120 1538.425781
-550.120056 1540.721069
-547.000183 1543.953491
-543.862122 1547.181885
-541.034912 1551.350464
-537.530640 1553.626099
-534.337341 1556.841919
-532.092590 1562.893555
-528.215637 1564.208252
-524.964600 1567.411499
-521.695190 1570.610352
-519.033081 1575.703979
-516.032532 1579.845581
-512.084290 1581.129639
-509.044342 1585.262207
-505.981140 1589.391235
-502.292694 1591.609375
-499.486145 1596.683838
-496.059235 1599.846069
-492.320038 1602.046875
-489.149780 1606.154175
-485.956085 1610.256958
-482.739044 1614.355835
-479.214661 1617.491577
-476.234894 1622.540649
-472.947754 1626.626465
-469.083557 1628.785645
-466.303009 1634.783936
-462.129944 1635.968384
-458.756439 1640.033081
-455.092438 1643.128906
-451.410065 1646.218384
-448.233093 1651.231201
-444.768341 1655.274536
-441.537109 1660.278809
-437.513885 1662.377686
-433.729309 1665.435913
-430.674835 1671.392090
-426.598907 1673.468994
-423.243103 1678.446411
-419.616943 1682.448730
-415.967438 1686.444946
-412.057648 1689.463135
-408.363983 1693.446045
-404.646881 1697.421997
-400.677277 1700.418457
-396.689362 1703.406738
-393.580292 1710.285034
-389.324219 1712.284302
-385.493500 1716.225952
-381.856079 1721.136230
-378.190491 1726.040649
-374.073578 1728.983765
-370.356506 1733.874268
-366.404938 1737.779663
-362.430328 1741.677490
-358.633759 1746.546631
-354.610474 1750.429077
-350.760284 1755.283936
-346.301849 1757.188354
-342.593994 1763.008545
-338.476593 1766.858521
-334.336365 1770.699585
-330.173401 1774.532227
-326.168030 1779.339478
-321.779419 1782.171021
-317.723572 1786.961426
-313.639862 1791.743408
-309.019104 1793.561035
-305.389191 1801.282715
-300.564301 1802.094360
-296.704071 1808.814209
-292.009674 1810.590942
-287.929840 1816.306763
-283.663269 1821.026489
-279.218109 1824.748047
-275.048035 1830.437744
-270.553497 1834.139893
-265.893677 1836.841919
-261.779785 1843.493164
-256.938538 1845.183838
-252.627182 1850.825684
-248.018372 1854.475586
-243.517868 1859.106079
-238.990524 1863.726563
-234.436279 1868.336060
-229.977234 1873.927734
-225.247894 1877.523682
-220.380981 1880.114990
-215.839478 1885.674561
-211.155151 1890.229736
-206.336182 1893.779419
-201.813156 1900.300659
-197.047348 1904.822144
-192.255493 1909.332031
-186.950226 1908.853882
-182.499054 1917.320801
-177.540070 1920.799194
-172.828827 1927.252930
-167.734604 1929.710571
-162.877411 1935.144409
-157.908096 1939.569458
-152.913483 1943.981934
-147.893616 1948.381714
-142.848602 1952.769043
-137.778473 1957.142944
-132.615906 1960.506714
-127.628273 1966.850220
-122.294853 1968.190918
-117.190392 1973.510376
-111.999321 1977.817993
-106.837700 1983.110962
-101.493065 1985.394165
-96.183563 1988.661743
-90.946632 1993.913452
-85.637474 1998.152222
-80.224236 2000.378418
-74.835686 2003.589355
-69.532700 2009.784058
-64.099823 2012.966187
-58.619926 2015.134033
-53.101547 2016.287354
-47.623772 2019.424805
-42.107601 2021.547974
-36.579628 2023.655640
-31.024673 2024.748657
-25.451029 2024.826416
-19.876982 2024.888916
-14.295591 2023.936035
-8.706536 2019.967773
-3.136368 2013.984131
2.401862 2008.985107
7.975421 2019.970825
13.555663 2022.941162
19.142485 2024.895996
24.703003 2023.835693
30.302151 2025.759644
35.805195 2021.669312
41.366917 2021.563354
46.858051 2018.442505
52.409168 2018.306152
57.843914 2014.156006
63.318104 2011.990479
68.745483 2008.810547
74.117699 2004.616577
79.545334 2002.407104
84.874962 1998.184692
90.180542 1993.948242
95.557648 1991.695435
100.769485 1986.432373
106.111496 1984.151245
111.327538 1979.859009
116.518982 1975.553345
121.623985 1970.236206
126.827263 1966.901978
131.876785 1961.558716
137.035492 1958.197754
142.101852 1953.826050
147.142700 1949.441650
152.158279 1945.044312
157.067612 1939.637695
162.196182 1937.208618
167.051437 1931.777344
172.053207 1928.326416
176.942947 1923.867065
181.712372 1918.400146
186.644333 1914.912354
191.455872 1910.417358
196.343430 1906.905396
200.999954 1901.392334
205.732407 1896.862793
210.327988 1891.328003
215.117935 1887.769775
219.770737 1883.206665
224.633881 1880.618652
228.996002 1874.047974
233.692337 1870.444946
238.367096 1866.830566
242.890930 1862.213623
247.255676 1856.594971
251.857208 1852.948975
256.436951 1849.292114
260.994720 1845.624512
265.102509 1838.977173
269.753632 1836.279053
274.091858 1831.592163
278.703949 1828.873047
282.532532 1821.202026
287.253235 1819.451050
291.645111 1815.713867
296.014465 1811.967041
300.197449 1807.223999
304.186157 1801.486328
308.649139 1798.697754
312.751160 1793.929077
316.650940 1788.167114
321.048401 1785.350952
325.248840 1781.540894
329.426270 1777.722168
333.396179 1772.912109
337.525177 1769.076416
342.011322 1767.196167
345.714508 1761.380371
349.579468 1756.539063
354.009460 1754.631470
357.625244 1748.794922
362.222168 1747.848633
365.372986 1740.040771
369.104156 1735.163818
373.438782 1733.213013
377.334106 1729.298706
380.990326 1724.400513
385.054749 1721.448120
389.100891 1718.487549
392.682037 1713.569336
396.460693 1709.619629
400.444366 1706.636597
403.947693 1701.700195
407.656067 1697.730225
411.576935 1694.725952
415.479279 1691.714111
419.122284 1687.724243
422.985291 1684.698242
425.845673 1677.787842
429.661743 1674.750122
433.208191 1670.737183
436.984436 1667.686035
440.742249 1664.628052
443.964630 1659.631226
447.680237 1656.561035
451.640778 1654.449097
454.790009 1649.437256
458.447418 1646.348511
461.815369 1642.290894
464.886749 1637.266357
468.480774 1634.161011
472.056183 1631.049805
475.052246 1626.013062
478.868286 1623.850708
482.099976 1619.764282
485.883667 1617.589233
489.363373 1614.450073
492.239349 1609.393066
495.677063 1606.244751
498.798615 1602.136353
502.196442 1598.978271
505.575806 1595.815063
509.240753 1593.599731
511.971558 1588.522461
515.292664 1585.345337
518.594910 1582.163574
521.565002 1578.027588
525.143982 1575.786133
528.071960 1571.642700
530.976990 1567.496704
533.858704 1563.347656
537.042603 1560.141724
540.536011 1557.876587
543.355225 1553.717529
546.816162 1551.442749
549.593994 1547.277588
552.348633 1543.110352
556.098267 1541.763184
559.155457 1538.529175
561.850342 1534.352661
565.560791 1532.988647
568.216919 1528.806152
570.850220 1524.621826
573.813538 1521.371582
577.113770 1519.053101
580.043030 1515.795776
583.313660 1513.468506
585.484985 1508.339722
588.721558 1506.005859
591.578308 1502.736816
594.416809 1499.464844
596.866760 1495.261719
600.040039 1492.913330
603.199890 1490.560791
605.968811 1487.277710
608.719910 1483.992432
611.071533 1479.780518
615.320190 1480.184937
617.252380 1475.045044
620.322693 1472.671509
622.989258 1469.373291
625.245728 1465.153320
627.874939 1461.852051
631.280151 1460.384766
633.479553 1456.161011
635.657471 1451.937378
639.829346 1452.289429
641.974487 1448.061523
644.912842 1445.660400
647.428528 1442.343506
649.926941 1439.025146
652.821899 1436.615723
655.288147 1433.293701
658.990845 1432.695801
661.429077 1429.368286
663.006226 1424.226440
666.254578 1422.709717
668.641968 1419.378784
671.012451 1416.046753
673.796448 1413.616577
676.135437 1410.281616
678.892029 1407.846558
681.636108 1405.408447
684.367737 1402.967896
687.086792 1400.524414
689.350830 1397.181519
691.598572 1393.838013
695.169373 1393.178101
696.941895 1388.936646
699.595093 1386.481934
701.783630 1383.133179
704.410583 1380.674561
707.025330 1378.213623
708.711121 1373.972778
712.218506 1373.284424
714.334961 1369.929688
717.363953 1368.345825
718.986267 1364.103760
721.525391 1361.630859
724.052856 1359.155640
726.096313 1355.796631
729.072449 1354.198486
731.088867 1350.837280
734.523621 1350.111206
736.035217 1345.869507
738.972900 1344.258545
740.935791 1340.893066
743.368958 1338.401855
745.790955 1335.908569
748.691223 1334.285400
751.092590 1331.786987
752.989929 1328.416748
755.367371 1325.915405
757.733948 1323.412231
760.588318 1321.773804
761.933655 1317.534302
764.768250 1315.890991
766.082825 1311.653198
769.403992 1310.867310
772.214050 1309.213745
773.487488 1304.975586
775.766602 1302.458130
778.035461 1299.938965
780.809143 1298.274658
783.059204 1295.750488
784.779907 1292.369751
787.007751 1289.842896
789.748230 1288.166748
791.433289 1284.783691
794.157471 1283.101440
795.819336 1279.716919
799.057373 1278.876709
800.698059 1275.489380
803.392334 1273.794067
806.080688 1272.094482
807.688965 1268.703491
809.823181 1266.155396
811.948181 1263.605347
815.148621 1262.733398
816.170654 1258.499023
818.813965 1256.780518
820.904297 1254.221191
822.985779 1251.659668
825.058472 1249.096069
827.675354 1247.363525
829.177856 1243.962402
831.224731 1241.392334
834.379333 1240.479370
836.972961 1238.731079
839.000000 1236.150635
841.018860 1233.567749
843.594727 1231.807495
844.465820 1227.570801
847.027649 1225.804688
850.155334 1224.854858
852.710388 1223.077393
854.114075 1219.656738
856.082214 1217.053711
858.620117 1215.264526
860.575562 1212.654663
861.943298 1209.227417
865.629272 1209.051880
866.399658 1204.806885
868.912964 1202.995605
871.422974 1201.178467
