-416.067352 860.000000
-419.071686 870.000000
-424.911316 886.000000
-421.611511 883.000000
-417.848969 879.000000
-413.156769 873.000000
-410.374481 871.000000
-409.007660 872.000000
-408.570618 875.000000
-409.515381 881.000000
-408.583954 883.000000
-405.341064 880.000000
-403.027740 879.000000
-402.087891 881.000000
-402.048187 885.000000
-402.896027 891.000000
-402.368317 894.000000
-399.140137 891.000000
-396.816345 890.000000
-397.159271 895.000000
-397.039490 899.000000
-394.705139 898.000000
-392.812469 898.000000
-392.661041 902.000000
-392.492798 906.000000
-392.738739 911.000000
-392.963684 916.000000
-391.033020 916.000000
-389.527191 917.000000
-390.130524 923.000000
-390.708527 929.000000
-383.728973 917.000000
-376.799988 905.000000
-382.348938 923.000000
-387.822052 941.000000
-383.378540 935.000000
-378.144501 927.000000
-377.813934 931.000000
-377.870239 936.000000
-375.897400 936.000000
-373.125641 934.000000
-371.951843 936.000000
-371.164886 939.000000
-371.544800 945.000000
-371.899414 951.000000
-371.839752 956.000000
-371.759064 961.000000
-369.733582 961.000000
-366.942841 959.000000
-364.921570 959.000000
-363.278748 960.000000
-362.384247 963.000000
-362.599792 969.000000
-361.301636 971.000000
-358.515106 969.000000
-356.104889 968.000000
-354.796173 970.000000
-353.842773 973.000000
-352.515045 975.000000
-351.178986 977.000000
-349.477081 978.000000
-347.770996 979.000000
-346.413879 981.000000
-344.697266 982.000000
-343.674194 985.000000
-342.291748 987.000000
-341.934937 992.000000
-341.557068 997.000000
-340.817627 1001.000000
-340.061310 1005.000000
-338.951843 1008.000000
-337.829742 1011.000000
-335.034821 1009.000000
-332.248291 1007.000000
-329.798065 1006.000000
-327.677734 1006.000000
-325.880981 1007.000000
-324.401611 1009.000000
-322.913757 1011.000000
-321.417450 1013.000000
-320.227936 1016.000000
-318.712677 1018.000000
-317.500000 1021.000000
-315.965820 1023.000000
-313.502838 1022.000000
-310.739502 1020.000000
-308.287140 1019.000000
-306.740326 1021.000000
-305.185028 1023.000000
-303.621277 1025.000000
-302.343231 1028.000000
-301.052521 1031.000000
-299.749207 1034.000000
-297.857666 1035.000000
-295.961853 1036.000000
-293.494720 1035.000000
-291.594727 1036.000000
-291.366699 1043.000000
-290.554596 1048.000000
-286.970062 1043.000000
-283.679596 1039.000000
-281.760651 1040.000000
-279.837494 1041.000000
-277.643433 1041.000000
-275.713928 1042.000000
-274.830200 1047.000000
-273.925354 1052.000000
-271.966400 1053.000000
-270.259308 1055.000000
-269.051971 1059.000000
-268.331665 1065.000000
-265.837128 1064.000000
-263.099121 1062.000000
-260.369507 1060.000000
-257.891815 1059.000000
-256.625458 1063.000000
-256.060120 1070.000000
-254.279373 1072.000000
-251.549744 1070.000000
-249.294510 1070.000000
-247.501038 1072.000000
-245.927917 1075.000000
-244.342178 1078.000000
-242.519211 1080.000000
-240.465347 1081.000000
-238.407288 1082.000000
-236.563232 1084.000000
-234.710770 1086.000000
-233.063873 1089.000000
-231.404358 1092.000000
-229.522354 1094.000000
-227.631927 1096.000000
-225.527527 1097.000000
-223.215393 1097.000000
-219.292313 1089.000000
-216.199997 1085.000000
-216.081848 1096.000000
-215.917389 1107.000000
-213.198303 1105.000000
-210.678467 1104.000000
-208.540314 1105.000000
-206.584564 1107.000000
-204.435898 1108.000000
-202.282974 1109.000000
-200.486435 1112.000000
-198.677231 1115.000000
-196.679382 1117.000000
-194.673019 1119.000000
-192.142670 1118.000000
-189.446762 1116.000000
-187.597519 1119.000000
-185.901230 1123.000000
-183.370850 1122.000000
-180.522064 1119.000000
-178.800415 1123.000000
-177.219040 1128.000000
-175.461624 1132.000000
-173.228622 1133.000000
-171.142181 1135.000000
-168.749954 1135.000000
-166.357727 1135.000000
-164.110016 1136.000000
-162.000397 1138.000000
-160.022598 1141.000000
-158.032135 1144.000000
-155.893005 1146.000000
-153.745483 1148.000000
-151.325882 1148.000000
-148.906250 1148.000000
-146.231430 1146.000000
-143.816010 1146.000000
-141.647430 1148.000000
-139.349075 1149.000000
-137.165695 1151.000000
-134.973862 1153.000000
-132.658661 1154.000000
-130.452133 1156.000000
-128.126389 1157.000000
-125.579163 1156.000000
-122.823112 1153.000000
-120.288521 1152.000000
-117.962822 1153.000000
-115.632858 1154.000000
-113.396782 1156.000000
-110.960297 1156.000000
-108.054413 1151.000000
-105.261436 1147.000000
-102.933578 1148.000000
-100.689056 1150.000000
-98.436119 1152.000000
-96.091400 1153.000000
-93.417587 1150.000000
-90.835503 1148.000000
-88.492897 1149.000000
-86.220985 1151.000000
-83.722229 1150.000000
-81.369133 1151.000000
-79.148949 1154.000000
-76.849632 1156.000000
-74.220032 1153.000000
-71.603081 1150.000000
-68.998817 1147.000000
-66.407158 1144.000000
-63.940022 1143.000000
-61.530941 1143.000000
-59.018406 1141.000000
-56.514347 1139.000000
-54.161198 1140.000000
-51.803837 1141.000000
-49.182449 1136.000000
-46.623413 1132.000000
-44.237560 1132.000000
-41.888584 1133.000000
-39.291439 1127.000000
-36.752247 1122.000000
-34.632660 1130.000000
-32.393723 1135.000000
-29.710688 1124.000000
-27.098440 1114.000000
-24.794868 1116.000000
-22.503065 1119.000000
-20.126606 1118.000000
-17.770168 1118.000000
-15.413817 1118.000000
-13.057382 1118.000000
-10.614889 1109.000000
-8.210333 1100.000000
-5.897188 1101.000000
-3.586416 1104.000000
-1.259484 1104.000000
1.067358 1104.000000
3.388050 1102.000000
5.700398 1100.000000
7.982361 1095.000000
10.252733 1091.000000
12.552175 1091.000000
14.851618 1091.000000
17.103983 1088.000000
19.361450 1086.000000
21.630503 1085.000000
23.917303 1085.000000
26.373154 1092.000000
28.884861 1100.000000
30.891243 1089.000000
32.881813 1079.000000
35.025639 1075.000000
37.152596 1071.000000
39.152390 1064.000000
41.122589 1057.000000
43.391472 1058.000000
45.707603 1060.000000
47.896477 1059.000000
50.128567 1059.000000
52.113342 1054.000000
54.128677 1050.000000
56.180733 1047.000000
58.331669 1046.000000
60.131237 1039.000000
61.901207 1032.000000
64.200562 1034.000000
66.508270 1036.000000
68.890701 1039.000000
71.354279 1043.000000
73.199944 1038.000000
75.024635 1033.000000
76.902885 1029.000000
78.841125 1026.000000
80.766800 1023.000000
82.679749 1020.000000
85.245461 1025.000000
87.661621 1028.000000
89.478745 1024.000000
91.368607 1021.000000
93.428902 1020.000000
95.485069 1019.000000
97.153709 1014.000000
98.899185 1010.000000
101.128014 1011.000000
103.463120 1013.000000
105.598244 1013.000000
107.626945 1012.000000
109.217598 1007.000000
110.787239 1002.000000
112.335724 997.000000
113.863228 992.000000
114.551338 980.000000
115.664856 972.000000
118.803513 981.000000
121.363960 985.000000
122.061554 974.000000
122.967552 965.000000
125.001442 965.000000
127.167038 966.000000
129.336777 967.000000
131.646652 969.000000
134.516754 975.000000
136.851868 977.000000
137.631470 968.000000
138.805954 962.000000
140.687180 961.000000
142.712631 961.000000
144.738098 961.000000
146.610901 960.000000
147.705276 954.000000
148.460556 946.000000
148.863968 936.000000
149.869812 930.000000
152.319763 933.000000
154.616943 935.000000
155.917770 931.000000
157.371246 928.000000
159.670517 930.000000
161.978302 932.000000
164.294434 934.000000
165.729019 931.000000
165.709915 920.000000
166.555588 914.000000
168.850723 916.000000
170.967773 917.000000
172.900574 917.000000
174.642609 916.000000
175.994919 913.000000
177.529526 911.000000
179.449600 911.000000
181.568832 912.000000
183.490997 912.000000
185.006561 910.000000
185.281296 902.000000
186.144806 897.000000
187.616165 895.000000
188.867310 892.000000
190.105820 889.000000
191.547684 887.000000
193.417175 887.000000
195.727051 889.000000
198.267563 892.000000
199.474442 889.000000
199.762787 882.000000
200.935944 879.000000
203.019348 880.000000
205.572510 883.000000
208.138321 886.000000
208.583603 880.000000
208.046982 870.000000
209.398239 868.000000
211.471024 869.000000
214.038910 872.000000
216.371994 874.000000
216.216690 866.000000
215.524170 856.000000
217.074417 855.000000
219.132462 856.000000
220.420471 854.000000
221.699982 852.000000
223.758087 853.000000
225.820343 854.000000
225.754532 847.000000
225.659302 840.000000
227.158951 839.000000
229.200195 840.000000
230.695663 839.000000
232.186890 838.000000
231.719711 830.000000
231.500061 823.000000
234.368317 827.000000
236.967834 830.000000
239.292404 832.000000
241.625458 834.000000
243.091415 833.000000
244.847153 833.000000
244.826553 827.000000
245.376999 823.000000
247.411911 824.000000
249.450989 825.000000
249.971970 821.000000
250.782593 818.000000
250.654526 812.000000
250.501236 806.000000
249.696777 798.000000
250.118683 794.000000
252.743515 797.000000
255.380981 800.000000
258.352478 804.000000
260.693939 806.000000
261.090576 802.000000
262.125610 800.000000
263.481964 799.000000
264.834106 798.000000
267.183990 800.000000
268.197998 798.000000
268.527130 794.000000
269.860291 793.000000
271.874146 794.000000
273.203094 793.000000
274.181244 791.000000
274.453461 787.000000
274.007141 781.000000
274.594452 778.000000
275.524078 776.000000
277.159668 776.000000
278.795197 776.000000
278.985229 772.000000
279.158447 768.000000
280.045898 766.000000
281.660339 766.000000
283.274872 766.000000
285.261261 767.000000
285.755798 764.000000
286.237640 761.000000
287.085083 759.000000
288.304504 758.000000
289.902100 758.000000
291.884308 759.000000
293.097351 758.000000
294.694946 758.000000
296.683502 759.000000
298.676178 760.000000
300.278046 760.000000
300.291046 756.000000
298.689880 748.000000
298.259308 743.000000
299.421753 742.000000
300.985718 742.000000
302.957336 743.000000
303.703583 741.000000
304.029510 738.000000
305.999023 739.000000
308.388977 741.000000
310.787354 743.000000
313.614502 746.000000
315.186890 746.000000
316.334564 745.000000
312.784210 733.000000
310.040833 723.000000
311.995605 724.000000
314.820770 727.000000
317.658417 730.000000
319.197083 730.000000
317.220764 722.000000
317.418060 719.000000
320.264252 722.000000
322.677338 724.000000
325.546722 727.000000
326.179199 725.000000
325.447174 720.000000
326.056488 718.000000
327.113586 717.000000
326.333130 712.000000
325.531586 707.000000
325.634033 704.000000
325.723907 701.000000
329.535187 706.000000
332.429840 709.000000
332.511261 706.000000
333.053070 704.000000
334.536926 704.000000
335.066071 702.000000
335.107483 699.000000
336.580750 699.000000
338.537598 700.000000
339.041534 698.000000
340.024841 697.000000
338.554230 691.000000
337.058258 685.000000
338.007874 684.000000
339.449554 684.000000
345.376587 693.000000
348.839203 697.000000
347.795227 692.000000
346.730255 687.000000
344.630585 680.000000
344.537048 677.000000
346.475006 678.000000
348.930237 680.000000
351.909180 683.000000
351.796692 680.000000
351.152069 676.000000
353.620026 678.000000
355.572662 679.000000
357.529572 680.000000
358.962799 680.000000
358.276031 676.000000
358.636658 674.000000
360.591400 675.000000
360.405121 672.000000
359.667786 668.000000
362.697327 671.000000
366.282135 675.000000
363.346832 667.000000
361.471497 661.000000
363.413666 662.000000
364.257904 661.000000
363.438354 657.000000
364.267822 656.000000
367.879974 660.000000
370.390076 662.000000
372.346954 663.000000
370.362061 657.000000
366.654388 648.000000
369.156006 650.000000
372.236145 653.000000
372.468140 651.000000
372.117493 648.000000
371.754181 645.000000
372.535126 644.000000
374.473114 645.000000
376.415222 646.000000
378.946381 648.000000
378.551453 645.000000
377.554840 641.000000
378.314789 640.000000
378.477234 638.000000
377.440643 634.000000
377.581970 632.000000
379.513550 633.000000
382.652740 636.000000
385.200714 638.000000
387.151306 639.000000
