-1978.917480 2782.000000
-1969.973755 2782.000000
-942.464478 1337.000000
-11.929168 17.000000
-59.375191 85.000000
-194.004684 279.000000
-874.239136 1263.000000
-1271.962280 1846.000000
-1261.352661 1839.000000
-833.641479 1221.000000
-138.643341 204.000000
-16.912596 25.000000
-27.609066 41.000000
-241.973938 361.000000
-765.269043 1147.000000
-1612.443604 2428.000000
-1839.626953 2783.000000
-1829.100098 2780.000000
-1819.921631 2779.000000
-1810.769287 2778.000000
-1802.290771 2778.000000
-1793.831299 2778.000000
-1785.390137 2778.000000
-1776.967041 2778.000000
-1768.561768 2778.000000
-1760.173706 2778.000000
-1751.802490 2778.000000
-1743.447998 2778.000000
-1735.109741 2778.000000
-1726.787109 2778.000000
-1718.480103 2778.000000
-1710.188477 2778.000000
-1701.911743 2778.000000
-1693.649536 2778.000000
-1685.401367 2778.000000
-1676.563599 2777.000000
-1666.543945 2774.000000
-1655.957275 2770.000000
-1645.407715 2766.000000
-1640.221680 2771.000000
-1635.018799 2776.000000
-1628.040771 2778.000000
-1619.896729 2778.000000
-1611.764771 2778.000000
-1604.221313 2779.000000
-1596.109253 2779.000000
-1588.579468 2780.000000
-1580.486450 2780.000000
-1572.403931 2780.000000
-1564.331909 2780.000000
-1556.270142 2780.000000
-1548.218384 2780.000000
-1541.284424 2782.000000
-1533.246094 2782.000000
-1526.313843 2784.000000
-1517.743286 2783.000000
-1510.272217 2784.000000
-1502.264771 2784.000000
-1494.265991 2784.000000
-1486.275635 2784.000000
-1478.293579 2784.000000
-1470.319824 2784.000000
-1462.879028 2785.000000
-1453.873291 2783.000000
-898.832642 1730.000000
-892.346619 1727.000000
-889.479187 1731.000000
-884.549438 1731.000000
-879.624023 1731.000000
-874.702820 1731.000000
-869.785828 1731.000000
-864.873108 1731.000000
-859.964172 1731.000000
-855.059082 1731.000000
-850.157898 1731.000000
-844.772095 1730.000000
-839.881165 1730.000000
-834.510986 1729.000000
-829.629944 1729.000000
-824.752380 1729.000000
-819.877991 1729.000000
-814.535522 1728.000000
-809.670471 1728.000000
-804.808472 1728.000000
-799.486755 1727.000000
-794.633545 1727.000000
-789.783386 1727.000000
-784.481567 1726.000000
-779.639832 1726.000000
-774.800720 1726.000000
-769.964294 1726.000000
-765.130493 1726.000000
-759.858826 1725.000000
-755.032715 1725.000000
-750.209106 1725.000000
-744.955811 1724.000000
-740.139526 1724.000000
-735.325562 1724.000000
-730.513855 1724.000000
-725.283264 1723.000000
-720.478516 1723.000000
-715.675720 1723.000000
-711.287537 1724.000000
-706.485901 1724.000000
-701.686157 1724.000000
-696.888184 1724.000000
-692.092102 1724.000000
-686.898987 1723.000000
-682.109009 1723.000000
-677.320679 1723.000000
-672.534058 1723.000000
-667.748840 1723.000000
-662.965210 1723.000000
-657.801086 1722.000000
-653.023132 1722.000000
-648.622986 1723.000000
-643.844971 1723.000000
-639.068359 1723.000000
-634.292908 1723.000000
-629.153381 1722.000000
-624.745728 1723.000000
-619.973999 1723.000000
-615.203369 1723.000000
-610.433716 1723.000000
-605.665283 1723.000000
-600.897827 1723.000000
-596.131409 1723.000000
-591.365906 1723.000000
-586.601379 1723.000000
-581.500122 1722.000000
-576.740051 1722.000000
-572.313049 1723.000000
-567.552002 1723.000000
-562.791748 1723.000000
-558.032166 1723.000000
-553.273376 1723.000000
-548.197021 1722.000000
-543.442444 1722.000000
-538.688416 1722.000000
-534.245178 1723.000000
-529.182434 1722.000000
-524.430359 1722.000000
-519.678772 1722.000000
-515.226807 1723.000000
-510.177368 1722.000000
-505.720886 1723.000000
-500.968719 1723.000000
-496.216919 1723.000000
-491.465637 1723.000000
-486.714722 1723.000000
-481.964264 1723.000000
-477.214111 1723.000000
-472.464386 1723.000000
-467.714996 1723.000000
-462.966003 1723.000000
-458.483215 1724.000000
-453.731995 1724.000000
-448.981140 1724.000000
-444.230560 1724.000000
-439.480194 1724.000000
-434.477936 1723.000000
-429.980164 1724.000000
-425.230499 1724.000000
-420.481140 1724.000000
-415.731873 1724.000000
-410.982758 1724.000000
-406.233887 1724.000000
-401.485138 1724.000000
-396.736450 1724.000000
-391.988007 1724.000000
-387.464294 1725.000000
-382.713318 1725.000000
-378.181580 1726.000000
-373.428009 1726.000000
-368.674561 1726.000000
-363.921204 1726.000000
-359.167938 1726.000000
-354.414734 1726.000000
-349.661530 1726.000000
-344.908447 1726.000000
-340.155334 1726.000000
-335.402344 1726.000000
-330.649353 1726.000000
-325.896362 1726.000000
-321.143372 1726.000000
-316.390472 1726.000000
-311.637482 1726.000000
-306.884583 1726.000000
-302.131653 1726.000000
-297.551056 1727.000000
-292.625763 1726.000000
-287.872833 1726.000000
-283.119873 1726.000000
-278.366943 1726.000000
-273.613983 1726.000000
-268.860901 1726.000000
-263.954926 1725.000000
-259.204590 1725.000000
-254.454285 1725.000000
-249.848663 1726.000000
-245.095520 1726.000000
-240.481644 1727.000000
-235.589188 1726.000000
-230.835983 1726.000000
-226.082764 1726.000000
-221.329498 1726.000000
-216.576141 1726.000000
-211.822830 1726.000000
-207.069489 1726.000000
-202.198914 1725.000000
-197.448227 1725.000000
-192.697556 1725.000000
-187.946869 1725.000000
-183.196121 1725.000000
-178.445358 1725.000000
-173.694626 1725.000000
-168.943863 1725.000000
-164.193115 1725.000000
-159.442276 1725.000000
-154.691544 1725.000000
-149.853790 1724.000000
-145.105789 1724.000000
-140.439133 1725.000000
-135.688370 1725.000000
-130.937637 1725.000000
-126.186882 1725.000000
-121.365730 1724.000000
-116.617722 1724.000000
-111.869797 1724.000000
-107.121887 1724.000000
-102.374046 1724.000000
-97.626190 1724.000000
-92.878418 1724.000000
-88.130630 1724.000000
-83.382942 1724.000000
-78.635307 1724.000000
-73.844910 1723.000000
-69.100105 1723.000000
-64.392799 1724.000000
-59.645401 1724.000000
-54.929981 1725.000000
-50.179974 1725.000000
-45.403778 1724.000000
-40.680401 1725.000000
-35.909863 1724.000000
-31.163048 1724.000000
-26.416382 1724.000000
-21.669796 1724.000000
-16.923355 1724.000000
-12.177064 1724.000000
-7.430846 1724.000000
-2.684777 1724.000000
2.061145 1724.000000
6.810792 1725.000000
11.552468 1724.000000
16.297945 1724.000000
21.030993 1723.000000
25.773346 1723.000000
30.497839 1722.000000
35.257462 1723.000000
39.976151 1722.000000
44.715015 1722.000000
49.424858 1721.000000
54.097584 1719.000000
58.690704 1715.000000
1.848675 50.000000
61.811874 1556.000000
64.945862 1529.000000
68.745232 1520.000000
72.926628 1520.000000
77.107895 1520.000000
81.288902 1520.000000
85.469650 1520.000000
89.650246 1520.000000
93.830605 1520.000000
98.010696 1520.000000
102.190521 1520.000000
106.370224 1520.000000
110.549660 1520.000000
114.728706 1520.000000
118.907616 1520.000000
123.005287 1519.000000
127.264664 1520.000000
131.442780 1520.000000
135.620651 1520.000000
148.152679 1520.000000
152.329498 1520.000000
156.402969 1519.000000
160.576508 1519.000000
164.749680 1519.000000
168.922699 1519.000000
173.095337 1519.000000
177.267715 1519.000000
181.439682 1519.000000
185.611542 1519.000000
189.783005 1519.000000
193.954193 1519.000000
198.125137 1519.000000
202.295792 1519.000000
206.466080 1519.000000
210.636108 1519.000000
214.805862 1519.000000
218.831223 1518.000000
222.997696 1518.000000
227.313461 1519.000000
231.482056 1519.000000
239.818283 1519.000000
243.986084 1519.000000
248.153503 1519.000000
252.320648 1519.000000
256.487518 1519.000000
260.654144 1519.000000
264.820404 1519.000000
268.986481 1519.000000
273.152191 1519.000000
277.317780 1519.000000
281.482971 1519.000000
285.648010 1519.000000
289.812683 1519.000000
293.977081 1519.000000
298.141357 1519.000000
302.305389 1519.000000
306.469116 1519.000000
310.837128 1520.000000
315.003082 1520.000000
319.168915 1520.000000
323.334503 1520.000000
327.499817 1520.000000
331.446808 1519.000000
335.608978 1519.000000
339.770996 1519.000000
344.159241 1520.000000
348.323639 1520.000000
352.487915 1520.000000
356.652039 1520.000000
360.815918 1520.000000
364.739655 1519.000000
369.143402 1520.000000
373.306885 1520.000000
377.222015 1519.000000
381.382660 1519.000000
385.796936 1520.000000
389.960175 1520.000000
394.382568 1521.000000
398.286224 1520.000000
402.449188 1520.000000
406.612152 1520.000000
410.775085 1520.000000
414.938110 1520.000000
419.101013 1520.000000
423.542480 1521.000000
427.708160 1521.000000
431.873993 1521.000000
436.039795 1521.000000
440.205750 1521.000000
444.079712 1520.000000
448.243042 1520.000000
452.704163 1521.000000
456.870667 1521.000000
461.037292 1521.000000
464.898132 1520.000000
469.371033 1521.000000
473.538147 1521.000000
477.705566 1521.000000
481.873383 1521.000000
486.041260 1521.000000
490.209473 1521.000000
494.378204 1521.000000
498.546997 1521.000000
502.716370 1521.000000
506.886017 1521.000000
511.056030 1521.000000
515.226563 1521.000000
519.397644 1521.000000
523.913208 1522.000000
527.740967 1521.000000
531.913452 1521.000000
536.086426 1521.000000
540.615356 1522.000000
544.792297 1522.000000
548.969910 1522.000000
552.784729 1521.000000
556.960876 1521.000000
561.137878 1521.000000
565.687256 1522.000000
569.494141 1521.000000
573.673401 1521.000000
577.853455 1521.000000
582.034546 1521.000000
586.216431 1521.000000
590.399292 1521.000000
594.583008 1521.000000
598.767944 1521.000000
602.557373 1520.000000
607.140747 1521.000000
611.328796 1521.000000
615.518005 1521.000000
619.708435 1521.000000
623.900085 1521.000000
628.092957 1521.000000
632.287231 1521.000000
636.064392 1520.000000
640.258484 1520.000000
644.030151 1519.000000
647.797729 1518.000000
651.561340 1517.000000
654.456421 1514.000000
655.596252 1507.000000
657.574890 1502.000000
661.289551 1501.000000
666.773865 1504.000000
671.830505 1506.000000
676.899902 1508.000000
678.820801 1503.000000
681.624756 1500.000000
684.871216 1498.000000
689.028503 1498.000000
692.725098 1497.000000
697.349304 1498.000000
705.259399 1506.000000
705.678894 1498.000000
707.003906 1492.000000
709.727783 1489.000000
713.396179 1488.000000
717.543701 1488.000000
721.208801 1487.000000
724.870789 1486.000000
728.529846 1485.000000
732.679321 1485.000000
736.335449 1484.000000
739.988770 1483.000000
743.639343 1482.000000
747.791870 1482.000000
751.439941 1481.000000
755.085754 1480.000000
758.728882 1479.000000
758.758850 1471.000000
760.303040 1466.000000
758.172485 1454.000000
761.744446 1453.000000
760.570618 1443.000000
751.395325 1418.000000
752.204224 1412.000000
743.342834 1388.000000
763.421875 1418.000000
758.778748 1402.000000
767.105957 1410.000000
770.560303 1409.000000
772.364075 1405.000000
773.043823 1399.000000
782.580261 1409.000000
782.129211 1401.000000
789.492615 1407.000000
792.382813 1405.000000
783.929504 1383.000000
783.330627 1375.000000
785.553406 1372.000000
790.640808 1374.000000
795.744507 1376.000000
800.283508 1377.000000
804.249268 1377.000000
807.633179 1376.000000
810.426880 1374.000000
813.214294 1372.000000
818.378235 1374.000000
824.157776 1377.000000
834.771790 1388.000000
841.225586 1392.000000
846.493896 1394.000000
848.729614 1391.000000
850.953918 1388.000000
853.783081 1386.000000
855.988281 1383.000000
858.182495 1380.000000
860.365967 1377.000000
862.538818 1374.000000
865.962280 1373.000000
868.753540 1371.000000
871.540222 1369.000000
864.728760 1352.000000
874.530579 1361.000000
876.647278 1358.000000
880.051208 1357.000000
884.108643 1357.000000
887.519836 1356.000000
890.933716 1355.000000
893.028992 1352.000000
894.451660 1348.000000
895.859070 1344.000000
897.251526 1340.000000
898.629089 1336.000000
899.991943 1332.000000
901.340027 1328.000000
903.355286 1325.000000
906.047302 1323.000000
909.425171 1322.000000
912.807373 1321.000000
916.194275 1320.000000
919.586121 1319.000000
922.982910 1318.000000
926.385010 1317.000000
929.792725 1316.000000
932.496582 1314.000000
935.200134 1312.000000
938.619751 1311.000000
941.326904 1309.000000
944.034424 1307.000000
