-1975.360840 2777.000000
-1969.265625 2781.000000
-619.615784 879.000000
-16.841177 24.000000
-55.183998 79.000000
-285.096497 410.000000
-926.845764 1339.000000
-1258.181519 1826.000000
-1248.320801 1820.000000
-819.986450 1201.000000
-167.867188 247.000000
-28.413160 42.000000
-74.073105 110.000000
-224.546448 335.000000
-943.409241 1414.000000
-1664.907715 2507.000000
-1839.626953 2783.000000
-1829.100098 2780.000000
-1819.921631 2779.000000
-1810.769287 2778.000000
-1802.290771 2778.000000
-1793.831299 2778.000000
-1785.390137 2778.000000
-1776.967041 2778.000000
-1768.561768 2778.000000
-1760.173706 2778.000000
-1751.802490 2778.000000
-1743.447998 2778.000000
-1735.109741 2778.000000
-1726.787109 2778.000000
-1718.480103 2778.000000
-1710.188477 2778.000000
-1701.911743 2778.000000
-1693.649536 2778.000000
-1685.401367 2778.000000
-1676.563599 2777.000000
-1666.543945 2774.000000
-1652.968262 2765.000000
-1643.028320 2762.000000
-1634.894409 2762.000000
-1632.073853 2771.000000
-1625.110596 2773.000000
-1615.231812 2770.000000
-1607.123291 2770.000000
-1601.912354 2775.000000
-1593.811890 2775.000000
-1585.722290 2775.000000
-1577.643799 2775.000000
-1570.141479 2776.000000
-1562.081055 2776.000000
-1554.030884 2776.000000
-1545.433838 2775.000000
-1539.068359 2778.000000
-1533.246094 2782.000000
-1526.313843 2784.000000
-1517.743286 2783.000000
-1510.272217 2784.000000
-1501.725098 2783.000000
-1494.265991 2784.000000
-1486.275635 2784.000000
-1478.293579 2784.000000
-1470.319824 2784.000000
-1462.879028 2785.000000
-1453.350830 2782.000000
-900.391357 1733.000000
-892.863281 1728.000000
-889.993042 1732.000000
-884.549438 1731.000000
-879.624023 1731.000000
-874.702820 1731.000000
-869.785828 1731.000000
-864.873108 1731.000000
-859.964172 1731.000000
-855.059082 1731.000000
-850.157898 1731.000000
-845.260437 1731.000000
-839.881165 1730.000000
-834.510986 1729.000000
-829.629944 1729.000000
-824.752380 1729.000000
-819.877991 1729.000000
-815.006897 1729.000000
-810.139038 1729.000000
-804.808472 1728.000000
-799.949707 1728.000000
-794.633545 1727.000000
-789.783386 1727.000000
-784.936096 1727.000000
-780.091492 1727.000000
-774.800720 1726.000000
-769.964294 1726.000000
-765.130493 1726.000000
-760.299316 1726.000000
-755.032715 1725.000000
-750.209106 1725.000000
-744.955811 1724.000000
-740.139526 1724.000000
-735.325562 1724.000000
-730.513855 1724.000000
-725.283264 1723.000000
-720.478516 1723.000000
-715.675720 1723.000000
-710.875000 1723.000000
-706.076111 1723.000000
-701.686157 1724.000000
-696.888184 1724.000000
-691.690674 1723.000000
-686.898987 1723.000000
-682.109009 1723.000000
-677.320679 1723.000000
-672.534058 1723.000000
-667.361267 1722.000000
-662.965210 1723.000000
-657.801086 1722.000000
-653.023132 1722.000000
-648.246582 1722.000000
-643.844971 1723.000000
-639.068359 1723.000000
-634.292908 1723.000000
-629.518799 1723.000000
-624.745728 1723.000000
-619.973999 1723.000000
-615.203369 1723.000000
-610.433716 1723.000000
-605.665283 1723.000000
-600.897827 1723.000000
-596.131409 1723.000000
-591.365906 1723.000000
-586.260925 1722.000000
-581.500122 1722.000000
-576.740051 1722.000000
-571.980896 1722.000000
-567.552002 1723.000000
-562.791748 1723.000000
-558.032166 1723.000000
-553.273376 1723.000000
-548.515381 1723.000000
-543.442444 1722.000000
-538.688416 1722.000000
-533.935120 1722.000000
-529.182434 1722.000000
-524.430359 1722.000000
-519.678772 1722.000000
-514.927795 1722.000000
-510.177368 1722.000000
-505.427399 1722.000000
-500.968719 1723.000000
-496.216919 1723.000000
-491.180389 1722.000000
-486.432220 1722.000000
-481.684540 1722.000000
-477.214111 1723.000000
-472.464386 1723.000000
-467.714996 1723.000000
-462.966003 1723.000000
-458.483215 1724.000000
-453.731995 1724.000000
-448.981140 1724.000000
-443.972900 1723.000000
-439.225281 1723.000000
-434.477936 1723.000000
-429.980164 1724.000000
-425.230499 1724.000000
-420.481140 1724.000000
-415.731873 1724.000000
-410.982758 1724.000000
-406.233887 1724.000000
-401.485138 1724.000000
-396.736450 1724.000000
-391.988007 1724.000000
-387.464294 1725.000000
-382.713318 1725.000000
-377.962463 1725.000000
-373.428009 1726.000000
-368.674561 1726.000000
-363.921204 1726.000000
-358.959839 1725.000000
-354.414734 1726.000000
-349.661530 1726.000000
-344.908447 1726.000000
-340.155334 1726.000000
-335.402344 1726.000000
-330.649353 1726.000000
-325.896362 1726.000000
-321.143372 1726.000000
-316.390472 1726.000000
-311.637482 1726.000000
-307.062378 1727.000000
-302.131653 1726.000000
-297.378754 1726.000000
-292.625763 1726.000000
-287.872833 1726.000000
-283.119873 1726.000000
-278.366943 1726.000000
-273.455475 1725.000000
-268.705109 1725.000000
-263.954926 1725.000000
-259.204590 1725.000000
-254.454285 1725.000000
-249.848663 1726.000000
-245.095520 1726.000000
-240.342392 1726.000000
-235.589188 1726.000000
-230.835983 1726.000000
-225.951767 1725.000000
-221.329498 1726.000000
-216.576141 1726.000000
-211.822830 1726.000000
-206.949524 1725.000000
-202.198914 1725.000000
-197.448227 1725.000000
-192.697556 1725.000000
-187.946869 1725.000000
-183.196121 1725.000000
-178.445358 1725.000000
-173.694626 1725.000000
-168.943863 1725.000000
-164.193115 1725.000000
-159.442276 1725.000000
-154.691544 1725.000000
-149.853790 1724.000000
-145.105789 1724.000000
-140.357712 1724.000000
-135.688370 1725.000000
-130.861725 1724.000000
-126.113731 1724.000000
-121.365730 1724.000000
-116.617722 1724.000000
-111.869797 1724.000000
-107.121887 1724.000000
-102.374046 1724.000000
-97.626190 1724.000000
-92.824539 1723.000000
-88.130630 1724.000000
-83.382942 1724.000000
-78.635307 1724.000000
-73.844910 1723.000000
-69.140205 1724.000000
-64.355446 1723.000000
-59.645401 1724.000000
-54.898140 1724.000000
-50.179974 1725.000000
-45.403778 1724.000000
-40.656818 1724.000000
-35.909863 1724.000000
-31.163048 1724.000000
-26.416382 1724.000000
-21.669796 1724.000000
-16.923355 1724.000000
-12.177064 1724.000000
-7.430846 1724.000000
-2.684777 1724.000000
2.061145 1724.000000
6.806844 1724.000000
11.552468 1724.000000
16.297945 1724.000000
21.030993 1723.000000
25.773346 1723.000000
30.515551 1723.000000
35.257462 1723.000000
39.976151 1722.000000
44.715015 1722.000000
49.424858 1721.000000
54.097584 1719.000000
58.690704 1715.000000
0.443682 12.000000
61.811874 1556.000000
64.945862 1529.000000
68.700005 1519.000000
72.878647 1519.000000
77.107895 1520.000000
81.235420 1519.000000
85.413414 1519.000000
89.591270 1519.000000
93.768875 1519.000000
97.946220 1519.000000
102.123291 1519.000000
106.300240 1519.000000
110.476936 1519.000000
114.577744 1518.000000
118.751160 1518.000000
122.924309 1518.000000
127.097214 1518.000000
131.183350 1517.000000
134.996078 1513.000000
90.256172 926.000000
91.698357 915.000000
93.697632 910.000000
95.775063 906.000000
97.830292 902.000000
99.863449 898.000000
101.988365 895.000000
104.213341 893.000000
106.427101 891.000000
108.507607 888.000000
110.696342 886.000000
112.746246 883.000000
114.779541 880.000000
116.796188 877.000000
118.796150 874.000000
120.779495 871.000000
122.887619 869.000000
124.984634 867.000000
127.070496 865.000000
128.845871 861.000000
131.208725 861.000000
86.044083 545.000000
263.742706 1642.000000
266.777283 1633.000000
269.928284 1625.000000
272.528564 1614.000000
25.396191 148.000000
281.382568 1614.000000
186.466614 1053.000000
306.239746 1703.000000
310.544800 1701.000000
280.741730 1515.000000
292.605865 1556.000000
293.246918 1537.000000
295.525360 1527.000000
298.926453 1523.000000
302.703400 1521.000000
306.469116 1519.000000
310.632629 1519.000000
314.588593 1518.000000
318.958954 1519.000000
323.121765 1519.000000
327.284363 1519.000000
331.228607 1518.000000
335.388031 1518.000000
339.547333 1518.000000
343.932831 1519.000000
348.094482 1519.000000
352.256012 1519.000000
356.417389 1519.000000
360.578552 1519.000000
364.739655 1519.000000
368.900543 1519.000000
373.061279 1519.000000
377.222015 1519.000000
381.131561 1518.000000
385.543121 1519.000000
389.703644 1519.000000
394.123291 1520.000000
398.024170 1519.000000
402.184418 1519.000000
406.344635 1519.000000
410.504822 1519.000000
414.665100 1519.000000
418.825287 1519.000000
423.264008 1520.000000
427.145752 1519.000000
431.306122 1519.000000
435.466461 1519.000000
439.916321 1520.000000
444.079712 1520.000000
448.243042 1520.000000
452.406525 1520.000000
456.570282 1520.000000
460.734161 1520.000000
464.898132 1520.000000
469.062439 1520.000000
473.226837 1520.000000
477.391479 1520.000000
481.556549 1520.000000
485.721710 1520.000000
489.887177 1520.000000
494.053162 1520.000000
498.219238 1520.000000
502.716370 1521.000000
506.886017 1521.000000
511.056030 1521.000000
515.226563 1521.000000
519.397644 1521.000000
523.568970 1521.000000
527.740967 1521.000000
531.913452 1521.000000
535.734009 1520.000000
540.260132 1521.000000
544.434326 1521.000000
548.609192 1521.000000
552.784729 1521.000000
556.960876 1521.000000
561.137878 1521.000000
565.315552 1521.000000
569.494141 1521.000000
573.296204 1520.000000
577.473572 1520.000000
581.651855 1520.000000
585.830994 1520.000000
590.011108 1520.000000
594.192078 1520.000000
598.374268 1520.000000
602.557373 1520.000000
606.741577 1520.000000
610.926880 1520.000000
615.518005 1521.000000
619.301025 1520.000000
623.900085 1521.000000
627.680054 1520.000000
631.871521 1520.000000
636.064392 1520.000000
640.258484 1520.000000
644.030151 1519.000000
647.797729 1518.000000
651.561340 1517.000000
654.024170 1513.000000
655.596252 1507.000000
657.574890 1502.000000
661.289551 1501.000000
666.773865 1504.000000
671.830505 1506.000000
676.450989 1507.000000
678.820801 1503.000000
681.624756 1500.000000
684.871216 1498.000000
689.028503 1498.000000
692.725098 1497.000000
697.349304 1498.000000
704.322815 1504.000000
705.678894 1498.000000
707.003906 1492.000000
709.727783 1489.000000
713.396179 1488.000000
717.061462 1487.000000
721.208801 1487.000000
724.870789 1486.000000
728.529846 1485.000000
732.185913 1484.000000
736.335449 1484.000000
739.988770 1483.000000
743.639343 1482.000000
747.791870 1482.000000
751.439941 1481.000000
755.085754 1480.000000
758.728882 1479.000000
759.274658 1472.000000
760.821655 1467.000000
758.693909 1455.000000
761.220215 1452.000000
759.516418 1441.000000
747.686035 1411.000000
750.073303 1408.000000
758.338196 1416.000000
752.115906 1397.000000
762.567200 1409.000000
762.209534 1401.000000
765.638367 1400.000000
776.212158 1412.000000
778.016968 1408.000000
780.914001 1406.000000
781.570923 1400.000000
787.809265 1404.000000
790.690918 1402.000000
783.362671 1382.000000
782.760925 1374.000000
784.980835 1371.000000
789.489929 1372.000000
795.166199 1375.000000
799.702332 1376.000000
803.665222 1376.000000
807.046204 1375.000000
809.837097 1373.000000
812.621582 1371.000000
817.186951 1372.000000
822.960754 1375.000000
833.568909 1386.000000
839.412598 1389.000000
844.672180 1391.000000
847.509277 1389.000000
850.340820 1387.000000
853.167053 1385.000000
855.369324 1382.000000
856.938782 1378.000000
859.741150 1376.000000
862.538818 1374.000000
865.331604 1372.000000
868.119873 1370.000000
870.903625 1368.000000
859.612061 1344.000000
871.317749 1356.000000
876.001770 1357.000000
880.051208 1357.000000
883.457153 1356.000000
886.865295 1355.000000
890.276184 1354.000000
892.368469 1351.000000
893.788086 1347.000000
895.192505 1343.000000
896.581909 1339.000000
897.956421 1335.000000
899.316284 1331.000000
900.661255 1327.000000
902.673523 1324.000000
905.362488 1322.000000
908.049377 1320.000000
910.734436 1318.000000
913.417969 1316.000000
916.100159 1314.000000
918.781128 1312.000000
921.461182 1310.000000
924.140503 1308.000000
927.528931 1307.000000
930.210510 1305.000000
932.892090 1303.000000
935.573914 1301.000000
938.256104 1299.000000
