576.857361 21.154175
577.737610 22.001343
579.431030 21.218567
580.306702 21.250671
581.179565 21.282654
582.869446 21.314514
583.738037 22.167297
585.426147 20.555725
586.290649 20.586060
587.152466 21.440979
588.011719 21.472290
589.695496 21.503601
590.550781 22.363098
592.233032 21.565918
593.084656 21.596924
593.933716 22.459717
595.613464 21.658691
596.458923 22.523621
597.302002 23.390869
598.979309 21.750671
599.818848 21.781128
601.494995 21.811523
602.331116 22.681885
603.164978 23.554565
604.838928 23.587036
605.669373 21.932312
607.342346 21.962280
608.169495 23.683899
608.994446 23.716064
610.665344 22.899963
611.487000 23.780029
613.156921 22.961487
613.975464 22.992188
615.644409 23.022705
616.459717 24.760864
618.127808 23.083557
618.940002 23.113892
620.607056 23.144226
621.416077 23.174377
623.082336 23.204407
623.888123 24.095032
624.691895 23.264343
626.356201 24.156982
628.020569 23.323975
628.820068 24.218689
630.483582 23.383301
631.280029 24.279968
632.074280 24.310547
633.735718 23.471680
635.397156 23.500977
636.187195 25.273193
636.975159 24.431946
638.634644 22.714783
640.294006 23.617371
641.077698 24.522095
642.736023 24.551941
643.516418 25.459717
645.173645 25.490540
645.950867 24.641174
647.606873 23.789673
648.380676 24.700195
650.035522 24.729614
651.690247 24.758911
652.459656 24.788147
654.113037 24.817322
655.766235 25.733765
656.531067 25.763733
658.182922 25.793640
658.944092 25.823486
660.594543 24.961731
662.244690 24.990356
663.001160 25.018921
664.649719 25.941956
666.298096 25.971252
667.049561 26.897156
668.696167 26.927368
670.342529 26.058899
671.088867 26.987488
672.733398 25.216248
674.377502 24.342468
675.118591 27.979492
676.760742 25.299438
678.402466 25.327026
679.138123 27.165466
680.777771 25.381836
682.416870 26.316589
684.055298 25.436279
684.783813 27.282227
686.419983 26.400818
688.055603 27.339905
688.778198 26.456421
691.324646 25.570801
692.043884 26.511597
693.675598 27.454163
695.306396 26.566406
696.936462 26.593628
697.647705 28.456726
699.275024 27.566711
700.901489 27.594543
702.526917 26.701599
704.151367 27.649963
704.852295 27.677429
706.473816 27.704834
708.094238 26.807739
709.713440 25.908752
711.331665 28.712646
712.948730 28.740417
714.564453 27.840149
716.178955 26.937988
716.862488 28.823303
718.473572 27.919983
720.083313 28.877808
721.691650 28.904968
723.298584 28.931946
724.904114 28.958740
726.508179 28.050476
728.110657 29.012146
729.711548 29.038635
731.310974 29.064880
732.908691 28.152710
734.504700 28.177917
736.098999 28.203064
737.691650 29.168945
739.282471 28.252808
740.871460 29.220154
742.458618 29.245544
744.043884 29.270813
745.627136 30.240906
747.208496 29.320801
748.787842 28.399048
750.365173 28.422913
751.940308 30.343140
753.513367 30.368286
756.033997 29.443542
757.603455 30.418152
759.170532 29.491577
760.735474 28.563293
762.297974 30.491882
763.858032 29.562561
765.415710 30.540283
767.926086 28.653931
769.479553 28.676270
771.030518 31.568237
772.578735 32.549744
774.124329 30.658386
776.626099 29.722717
778.167053 31.664001
779.705261 31.687500
781.240540 31.710876
782.773010 30.772400
785.264832 31.757019
786.792114 31.779846
788.316406 32.766174
790.802002 32.789368
792.320740 33.777405
793.836426 31.869385
796.315369 32.857666
797.825195 34.814209
800.299561 32.902283
801.803345 31.955933
803.303894 32.946106
805.770630 31.998108
807.264893 32.018921
809.726563 33.981323
811.214355 34.002991
812.698547 34.024475
815.151672 34.045715
816.629150 33.093445
819.076660 32.139709
820.546997 34.108276
822.988586 35.103821
824.451904 34.148926
826.887329 34.168884
828.343201 34.188721
830.772339 33.230896
833.198425 35.205566
834.643066 33.268311
837.062561 37.202759
838.499146 35.263977
840.911621 33.322815
843.320740 33.340637
845.726624 35.320374
847.147217 35.338684
849.545654 37.321045
851.940369 34.392090
853.348450 36.375427
855.735413 37.376953
858.118774 38.379150
860.498230 38.397522
861.888672 36.445557
864.259888 36.462524
866.627014 35.493225
868.990234 34.522827
871.349121 36.511780
872.716675 35.540527
875.066772 37.531067
877.412598 38.535034
879.753906 35.585571
882.091003 38.566772
884.423462 37.592957
886.751282 36.618103
889.074585 40.592529
891.393188 38.627014
893.707031 38.641479
896.015991 37.664368
898.320068 39.660950
900.619324 39.674866
902.913330 37.704102
905.202393 39.701904
907.486328 39.714905
910.758301 40.720886
913.032104 39.740234
915.300476 39.752502
917.563477 38.770264
919.821045 40.770447
922.073181 41.776733
925.314636 40.793457
927.555725 38.814026
929.791077 41.810730
933.016541 39.829956
935.240601 40.835815
937.458801 39.849426
939.671082 41.851746
942.873962 37.874451
945.074280 41.870361
948.265625 39.885010
950.453979 39.893127
953.633362 40.898499
955.809387 42.901672
958.976685 42.909485
961.139832 41.918884
964.294861 41.925903
966.445129 40.934143
969.587463 45.933105
971.724609 43.942322
974.853821 40.951843
977.976624 44.952942
980.093689 41.961182
983.203003 44.963501
986.305603 43.969055
988.402039 45.972229
991.490784 42.977966
994.572571 42.981506
997.647400 43.984436
1000.714966 43.987549
1002.775757 43.990112
1005.828857 44.992310
1009.874634 42.994751
1011.913269 44.996155
1014.944336 45.997437
1017.967834 43.998596
1020.983704 44.999329
1023.991943 43.999634
1026.992432 45.999634
1029.985107 46.999390
1032.969971 45.998657
1036.946777 45.997559
1039.915527 46.996216
1042.876343 46.994385
1045.828979 43.992798
1048.773438 45.990112
1051.709473 46.987061
1055.637085 46.983887
1058.556396 43.981567
1061.467407 48.975464
1065.369141 46.972290
1068.262817 46.967529
1072.147095 47.961914
1075.023315 44.959229
1078.889771 48.949707
1081.748291 48.943359
1085.596802 46.939331
1088.437256 44.935547
1092.267212 47.923950
1096.087769 45.919800
1098.900757 46.910400
1102.702515 50.893921
1106.494751 46.893799
1109.279663 46.885010
1113.052490 47.873169
1116.815674 47.863525
1120.568848 48.850342
1124.312134 49.836426
1128.045410 50.821777
1131.768433 48.817505
1135.481445 47.809692
1139.184204 47.797974
1142.876709 48.781250
1146.558716 49.763916
1150.230469 51.740479
1153.891602 49.736694
1157.542236 50.717041
1161.182251 49.708130
1165.805420 49.693359
1169.423706 50.671753
1174.024414 47.676147
1177.620728 48.653809
1181.206055 53.600952
1185.772705 51.598511
1190.327637 49.597046
1193.879272 49.579712
1198.410767 49.562134
1201.939575 52.516724
1206.447754 48.535156
1210.943604 49.507080
1214.437500 50.477905
1218.909424 47.489990
1223.369019 50.438110
1227.816406 48.440430
1232.251221 52.373169
1235.685791 51.363525
1241.083374 49.366821
1245.480591 51.319336
1249.865112 50.310303
1254.236816 50.287842
1258.595703 52.236084
1262.941772 51.227051
1267.274780 51.203003
1272.579224 52.162964
1276.885742 49.186646
1282.162476 49.162598
1286.442261 50.121216
1291.691040 51.078247
1295.943848 49.088745
1301.164551 50.044800
1306.370728 49.037964
1310.582275 49.012085
1315.760010 50.945313
1320.923096 50.917725
1326.071533 48.932495
1331.205078 47.927368
1335.346313 48.877930
1341.427734 50.804199
1346.516602 48.822266
1351.590576 49.769775
1356.649414 47.789917
1362.667725 49.711060
1366.721558 47.733032
1372.708252 50.624756
1378.678711 46.701904
1383.659912 47.645386
1389.597534 44.700439
1394.547363 45.643188
1400.452026 45.614136
1405.369995 46.554688
1412.210815 45.555176
1417.096191 48.431152
1422.933838 45.495117
1429.721558 47.399414
1434.557495 44.467407
1441.309570 43.471069
1447.077515 43.441284
1452.828247 43.411133
1458.561401 45.308838
1465.240601 40.460205
1470.938110 41.394165
1477.579956 41.364502
1484.202637 42.296021
1489.845825 42.265137
1496.431152 40.314331
1502.997070 40.284546
1509.543701 40.254517
1516.070923 38.308838
1522.578613 37.322754
1529.066895 38.250488
1536.491211 34.399048
1542.939331 34.372437
1550.321899 32.437622
1556.729980 33.365356
1563.118408 32.386353
1570.438599 32.360596
1577.737183 30.432495
1585.014282 28.507446
1592.269775 28.484253
1599.503540 27.512329
1606.715576 26.541626
1613.906006 25.572510
1622.020630 23.658325
1629.166138 22.692993
1637.234741 21.729004
1645.279297 18.878662
1652.357178 19.805664
1660.355103 17.903931
1668.329224 16.005493
1676.279419 15.050781
1684.205322 13.157959
1692.107300 12.207275
1700.923218 9.381836
1708.776001 8.436035
1717.540771 7.492065
1726.279541 4.678223
1734.057495 2.804443
1743.678711 0.000000
1752.338989 -0.933105
1760.972656 -2.796631
1769.580200 -4.656860
1779.091431 -7.443848
1788.574341 -10.225708
1797.100342 -12.073608
1806.527222 -13.917725
1815.925659 -15.758301
1826.221558 -20.373657
1835.561768 -22.204346
1844.873169 -24.955688
1855.078979 -27.701538
1865.253906 -31.364258
1874.476807 -33.176636
1885.511597 -36.826416
1895.593872 -40.468750
1905.645020 -44.103638
1916.582886 -48.648926
1926.570679 -53.184692
1937.443237 -54.046875
1948.282471 -56.737183
1960.002563 -60.335938
1970.773926 -65.753418
1982.424072 -67.510010
1994.038696 -73.819580
2005.617554 -76.473877
2018.070313 -82.760010
2028.668213 -86.307007
2041.047241 -88.938477
2052.481689 -96.096802
2064.785645 -100.522583
2077.956055 -104.938110
2090.182617 -116.572998
2103.273682 -120.058105
2116.323975 -129.846802
2129.333984 -126.102661
2142.303223 -127.764404
2156.130615 -137.510620
2169.915039 -143.643433
2183.656494 -156.039429
2197.355225 -170.198853
2211.905029 -172.693115
2226.409912 -177.862549
2240.869141 -189.268555
2256.174561 -191.730225
2270.541748 -193.294678
2285.752686 -212.648926
2300.915527 -218.626953
2316.917969 -230.803955
2332.870605 -228.764893
2348.772217 -237.357178
2365.508057 -257.428223
2381.307617 -270.382324
2397.938965 -270.948730
2415.398438 -290.024170
2432.802734 -292.323730
2451.030762 -313.084473
2469.201416 -317.104736
2487.314209 -327.255127
2504.492188 -340.884521
2523.364746 -343.975830
2543.050781 -373.283691
2561.801025 -368.466309
2581.362793 -384.588135
2601.731689 -401.539551
2622.035400 -419.316895
2643.141846 -435.310303
2664.180664 -455.600830
2685.151123 -471.504883
2706.918457 -478.709961
2729.479492 -497.133545
2751.967529 -531.914795
2774.381592 -536.420654
2798.444336 -545.218506
2818.127930 -575.496826
2847.194092 -609.131104
2871.878418 -614.360596
2895.624023 -620.429688
2921.857422 -641.884277
2948.004883 -659.860840
2974.918945 -698.273682
3001.743896 -714.416748
3030.182373 -757.758545
3058.526123 -802.682373
3086.775635 -795.683105
3116.625977 -814.987061
3147.223389 -838.468994
3177.718750 -877.107910
3209.800049 -926.618652
3241.773682 -958.276123
3273.639160 -1029.435547
3307.920166 -1076.840820
3342.084961 -1114.028320
3377.811279 -1181.311035
3413.415771 -1237.509766
3450.572510 -1309.443848
3486.766113 -1368.637207
3525.337891 -1393.447021
3567.109863 -1476.505127
3605.410889 -1521.045654
3647.732422 -1581.238037
3689.907471 -1653.695801
3734.421875 -1730.080444
3779.609131 -1762.383423
3825.464600 -1841.676147
3871.984131 -1889.376343
3920.811768 -1972.352051
3972.758789 -2041.910767
4022.880371 -2119.467285
4076.924805 -2175.453613
4130.778320 -2248.460449
4186.893555 -2340.047363
4245.258789 -2422.362061
4303.415527 -2503.597900
4366.247070 -2578.870605
4429.666992 -2666.906738
4496.105469 -2757.091797
4565.546387 -2856.708984
4630.688477 -2936.573730
