881 19.000000
883 21.600000
884 23.000000
885 18.000000
886 30.000000
888 19.000000
889 14.000000
890 11.000000
891 22.000000
895 28.000000
896 23.000000
897 25.000000
898 28.000000
900 25.000000
902 16.000000
903 24.000000
905 21.333333
906 15.000000
910 19.000000
912 15.000000
914 13.000000
915 10.000000
916 2.500000
918 -3.250000
921 -2.000000
922 3.000000
923 0.000000
925 3.000000
926 -2.000000
927 -3.333333
930 -3.000000
931 -3.000000
932 -5.500000
934 -10.000000
938 -8.000000
940 -6.000000
945 -3.000000
949 -5.000000
950 -6.000000
951 -22.000000
962 -9.000000
963 -6.000000
964 -23.000000
965 -21.000000
966 -10.000000
967 -25.000000
969 -24.000000
972 -21.000000
976 -18.000000
977 -19.000000
979 -23.000000
980 -24.000000
992 -13.000000
993 -12.333333
994 -9.000000
995 -15.000000
998 -15.000000
999 -24.500000
1001 -20.000000
1002 -22.000000
1003 -20.000000
1004 -19.500000
1005 -23.000000
1006 -23.000000
1007 -20.500000
1009 -19.666667
1011 -14.000000
1015 -22.000000
1028 -14.000000
1041 -13.000000
1047 -24.000000
1048 -25.000000
1050 -22.000000
1055 -16.000000
1056 -15.000000
1058 -5.000000
1059 3.000000
1060 4.000000
1061 4.000000
1062 2.000000
1063 2.750000
1064 -3.000000
1065 -2.500000
1066 -9.500000
1068 -4.000000
1077 -5.000000
1080 -3.000000
1081 -4.000000
1082 2.000000
1086 -6.000000
1087 10.000000
1088 6.000000
1092 -25.000000
1094 -25.000000
1101 -24.000000
1102 -20.000000
1108 -20.000000
1110 -18.500000
1121 -17.000000
1133 -8.500000
1135 -13.500000
1141 -9.000000
1142 -16.000000
1145 3.000000
1147 -5.000000
1148 -1.000000
1150 1.000000
1151 -10.000000
1155 -9.000000
1157 -9.000000
1160 -11.000000
1161 -1.000000
1166 -14.500000
1167 -14.000000
1168 -7.000000
1169 -14.500000
1171 -15.000000
1172 -10.500000
1173 -13.000000
1178 -9.000000
1181 1.000000
1183 -1.000000
1184 -5.000000
1185 -21.000000
1186 -7.000000
1187 -14.333333
1189 -15.000000
1190 -16.000000
1194 -20.000000
1196 -12.000000
1197 -14.500000
1198 -17.000000
1200 -20.000000
1202 -17.000000
1203 -17.000000
1205 -13.000000
1206 -12.000000
1210 1.000000
1212 3.000000
1215 -3.000000
1217 -5.000000
1218 -1.000000
1221 -7.000000
1223 -2.000000
1227 -7.500000
1228 0.000000
1229 1.000000
1230 -10.000000
1231 -8.000000
1232 -8.000000
1233 -10.000000
1236 -16.000000
1238 -11.000000
1239 -14.000000
1240 -8.000000
1244 -13.000000
1245 -5.000000
1246 -9.000000
1247 -5.000000
1249 -6.000000
1251 -22.000000
1252 -18.000000
1254 -10.500000
1257 -15.000000
1258 -17.000000
1259 -7.000000
1260 -3.000000
1262 -14.000000
1263 -12.000000
1264 -17.000000
1265 -11.833333
1266 -12.800000
1267 -12.000000
1268 -7.000000
1269 -6.000000
1270 -3.000000
1271 -6.000000
1272 -10.000000
1276 -9.000000
1277 -13.000000
1278 -4.500000
1279 -10.500000
1281 -8.000000
1286 -10.000000
1287 -16.000000
1288 -9.000000
1289 -10.333333
1292 -8.333333
1296 -7.000000
1297 -3.000000
1298 -8.000000
1300 -15.000000
1301 -10.000000
1305 -12.000000
1309 -17.000000
1314 -12.500000
1316 -8.000000
1319 -6.000000
1325 -12.000000
1328 -19.000000
1331 -19.666667
1333 -19.000000
1336 -22.500000
1339 -24.000000
1342 -24.000000
1345 -16.000000
1346 -24.000000
1348 -25.000000
1349 -29.500000
1350 -26.750000
1351 -33.000000
1352 -32.000000
1354 -28.000000
1355 -17.000000
1356 -26.000000
1361 3.500000
1362 -9.000000
1419 -7.000000
1423 -2.000000
1424 -10.000000
1425 -16.000000
1426 -9.000000
1432 -11.000000
1433 -9.000000
1434 -10.333333
1435 -9.538462
1436 -11.000000
1437 -4.600000
1438 -10.000000
1440 -10.000000
1441 -6.000000
1443 -13.000000
1445 -7.000000
1446 -8.000000
1447 -7.000000
1448 -9.000000
1450 -12.000000
1451 -8.000000
1452 -8.000000
1455 -19.000000
1456 -14.000000
1457 -10.000000
1458 -17.000000
1459 -18.333333
1461 -12.000000
1463 -14.000000
1464 -11.000000
1465 -11.000000
1468 6.500000
1469 -4.000000
1470 -1.000000
1472 -4.000000
1473 -5.000000
1474 -2.000000
1483 -23.000000
1484 -7.000000
1486 -16.500000
1488 -22.000000
1489 -16.000000
1490 -21.500000
1491 -20.500000
1492 -25.000000
1495 -16.500000
1497 -8.000000
1499 -26.000000
1500 -17.000000
1502 -26.000000
1503 -23.000000
1504 -25.000000
1505 -17.000000
1508 -14.000000
1510 -12.000000
1511 -13.666667
1513 -16.000000
1516 -17.000000
1517 -18.500000
1519 -16.000000
1520 -14.500000
1521 -18.500000
1524 -17.000000
1527 -6.000000
1531 -17.000000
1532 -7.000000
1533 -11.000000
1534 -8.000000
1536 -18.000000
1539 -14.000000
1540 -14.000000
1541 -18.666667
1543 -14.000000
1547 -11.000000
1553 -10.500000
1554 -16.500000
1559 -5.500000
1560 -15.000000
1562 -16.000000
1564 -6.000000
1567 4.000000
1568 -5.000000
1570 3.000000
1571 1.000000
1573 6.000000
1577 -12.000000
1579 -2.000000
1582 -4.000000
1584 -9.000000
1587 -12.000000
1591 6.000000
1592 -7.000000
1594 -12.000000
1596 -23.000000
1597 -20.000000
1599 -26.000000
1605 -13.000000
1607 -25.000000
1610 -21.000000
1611 -21.000000
1612 -23.000000
1613 -14.000000
1614 -23.000000
1615 -29.000000
1618 -13.000000
1624 -9.000000
1625 -10.000000
1628 -20.666667
1633 -19.000000
1635 -22.666667
1637 -17.000000
1638 -18.000000
1641 -14.000000
1643 -8.000000
1644 -12.500000
1645 -11.000000
1647 -25.000000
1650 -19.000000
1651 -22.000000
1652 -33.000000
1654 -16.000000
1656 -18.200000
1657 -25.000000
1658 -21.500000
1659 -18.333333
1660 -9.000000
1663 -16.000000
1664 -11.666667
1667 -19.000000
1668 -13.000000
1669 -10.500000
1670 -15.000000
1673 -15.000000
1674 -19.000000
1675 -13.969697
1676 -10.886364
1677 -12.148148
1678 -9.000000
1679 -8.846154
1680 -21.800000
1681 -15.333333
1682 -14.000000
1683 -24.666667
1684 -21.666667
1685 -29.000000
1686 -23.000000
1687 -21.000000
1688 -20.833333
1689 -11.000000
1691 -13.000000
1692 -19.000000
1693 -17.000000
1694 -25.000000
1695 -10.666667
1696 -33.000000
1697 -14.000000
1698 -27.250000
1699 -23.000000
1700 -32.000000
1701 -27.750000
1702 -38.000000
1703 -43.000000
1704 -28.000000
1705 -22.000000
1706 -24.333333
1707 -22.333333
1708 -22.500000
1709 -24.400000
1710 -22.000000
1711 -14.750000
1712 -24.666667
1713 -26.000000
1714 -19.666667
1715 -22.333333
1716 -22.250000
1717 -26.333333
1718 -25.000000
1719 -23.500000
1720 -36.500000
1721 -42.000000
1722 -48.666667
1723 -24.000000
1724 -29.666667
1725 -37.666667
1726 -31.000000
1727 -25.333333
1728 -32.500000
1729 -10.500000
1730 -27.666667
1731 -35.000000
1732 -24.000000
1733 -15.500000
1734 -23.666667
1735 -27.500000
1736 -28.666667
1737 -4.000000
1738 -27.500000
1739 -28.000000
1740 -9.000000
1741 -18.666667
1742 -30.000000
1743 -13.000000
1744 -17.833333
1745 -16.666667
1746 -14.000000
1747 -22.250000
1748 -27.000000
1749 -14.000000
1750 -27.400000
1751 -22.666667
1752 -25.500000
1753 -23.000000
1754 -20.000000
1755 -21.000000
1756 -24.000000
1757 -22.000000
1758 -9.000000
1759 -15.000000
1760 -3.000000
1761 -16.000000
1762 -27.000000
1764 -24.000000
1765 -27.200000
1766 -26.000000
1768 -23.500000
1769 -33.666667
1770 -23.750000
1771 -28.500000
1772 -24.000000
1773 -26.000000
1774 -28.400000
1775 -35.000000
1777 -31.000000
1779 -30.750000
1780 -25.666667
1781 -35.000000
1782 -28.333333
1783 -38.666667
1784 -35.000000
1785 -29.000000
1786 -32.500000
1787 -32.500000
1788 -32.500000
1789 -33.125000
1790 -32.300000
1791 -28.222222
1792 -30.500000
1793 -24.000000
1794 -30.000000
1795 -8.000000
1796 -29.000000
1798 -25.750000
1799 -19.000000
1800 -9.000000
1801 -14.000000
1802 -34.000000
1803 -36.500000
1804 -23.000000
1805 -22.500000
1806 -26.750000
1807 -31.000000
1808 -24.000000
1809 -27.333333
1811 -29.750000
1812 -14.000000
1814 -21.500000
1815 -21.000000
1816 -33.000000
1817 -34.000000
1818 -37.000000
1819 -22.000000
1820 -16.000000
1822 -16.250000
1823 -17.000000
1824 -35.000000
1825 -32.000000
1826 -39.000000
1827 -19.000000
1828 -22.000000
1829 -30.000000
1830 -38.333333
1831 -29.500000
1832 -34.250000
1833 -37.500000
1835 -20.000000
1836 -23.000000
1837 -27.500000
1838 -25.200000
1839 -34.000000
1841 -24.666667
1842 -29.000000
1845 -24.500000
1846 -13.000000
1847 -28.000000
1848 -31.000000
1849 -15.000000
1850 -26.500000
1851 -16.000000
1852 -22.666667
1853 -30.333333
1854 -28.666667
1855 -24.750000
1856 -11.000000
1857 -17.000000
1858 -14.000000
1859 -16.500000
1860 -27.750000
1861 -37.000000
1862 -47.000000
1863 -18.000000
1864 -25.000000
1865 -25.800000
1866 -24.857143
1867 -35.000000
1868 -31.000000
1869 -18.000000
1870 -10.000000
1874 -48.500000
1875 -6.000000
1876 -46.000000
1877 -7.000000
1878 -11.000000
1879 -12.000000
1880 -21.500000
1881 -45.000000
1882 -14.000000
1883 -38.000000
1884 -28.500000
1885 -15.333333
1886 -22.800000
1887 -8.705882
1888 -7.925000
1889 -9.968254
1890 -7.692308
1891 -7.400000
1892 -10.800000
1894 -12.000000
1897 -37.000000
1898 -37.000000
1899 -41.000000
1901 -43.000000
1902 -38.500000
1903 -33.000000
1904 -50.000000
1905 -42.000000
1906 -42.000000
1907 -41.500000
1908 -37.000000
1912 -38.000000
1913 -32.000000
1915 -36.000000
1918 -33.000000
1920 -32.000000
1922 -35.000000
1923 -25.000000
1926 -40.000000
1927 -35.800000
1928 -36.000000
1931 -37.000000
1934 -47.000000
1936 -41.000000
1938 -42.000000
1940 -33.000000
1941 -37.000000
1945 -39.000000
1947 -30.333333
1950 -41.000000
1952 -47.000000
1954 -57.000000
1955 -44.333333
1956 -35.000000
1959 -30.000000
1961 -35.000000
1963 -39.000000
1966 -29.000000
1967 -31.000000
1968 -32.000000
1971 -38.666667
1972 -32.000000
1973 -40.000000
1975 -30.000000
1976 -35.000000
1977 -39.000000
1978 -37.500000
1979 -47.000000
1980 -39.000000
1981 -32.666667
1982 -40.000000
1983 -40.357143
1984 -38.307692
1985 -41.076923
1986 -37.000000
1987 -33.000000
1988 -48.000000
1989 -34.000000
1990 -52.000000
1991 -48.000000
1992 -50.000000
1997 -47.000000
1998 -45.000000
2000 -31.000000
2001 -29.500000
2002 -34.500000
2003 -38.000000
2006 -28.000000
2007 -37.000000
2008 -29.000000
2009 -33.000000
2010 -32.000000
2011 -35.500000
2014 -31.000000
2015 -48.000000
2016 -26.000000
2017 -52.000000
2018 -30.500000
2019 -27.666667
2021 -32.500000
2024 -34.666667
2025 -56.000000
2026 -44.000000
2027 -48.000000
2028 -53.000000
2029 -27.333333
2031 -40.000000
2033 -53.500000
2036 -35.000000
2037 -21.000000
2038 -26.500000
2041 -41.000000
2043 -53.000000
2045 -37.000000
2046 -47.000000
2048 -26.000000
2049 -43.500000
2052 -35.000000
2054 -41.000000
2055 -29.000000
2056 -34.500000
2061 -24.000000
2063 -29.000000
2067 -22.000000
2068 -37.000000
2069 -30.000000
2070 -37.000000
2071 -42.000000
2073 -43.000000
2074 -31.000000
2075 -34.000000
2076 -47.000000
2077 -34.000000
2079 -48.000000
2080 -44.500000
2081 -42.500000
2082 -52.000000
2087 -33.000000
2088 -34.000000
2091 -50.000000
2094 -59.666667
2095 -60.000000
2096 -38.500000
2101 -25.000000
2102 -41.000000
2103 -40.714286
2104 -39.090909
2105 -40.500000
2106 -48.600000
2107 -43.583333
2108 -42.500000
2109 -26.666667
2110 -33.000000
2111 -32.000000
2113 -22.000000
2114 -29.000000
2115 -23.000000
2116 -31.750000
2117 -19.000000
2118 -22.000000
2120 -33.666667
2121 -33.200000
2122 -28.500000
2126 -28.000000
2127 -40.000000
2128 -29.000000
2129 -42.000000
2130 -38.333333
2131 -48.000000
2134 -24.000000
2135 -23.500000
2138 -33.666667
2139 -33.000000
2140 -53.000000
2142 -42.000000
2143 -46.000000
2145 -41.500000
2146 -29.000000
2148 -28.000000
2149 -48.000000
2151 -30.000000
2152 -58.000000
2153 -51.000000
2154 -55.000000
2159 -45.500000
2160 -27.000000
2162 -25.500000
2163 -31.000000
2164 -27.500000
2165 -23.000000
2167 -27.000000
2171 -23.750000
2173 -27.500000
2175 -37.000000
2178 -44.000000
2179 -37.666667
2180 -39.000000
2181 -32.500000
2182 -30.000000
2183 -46.333333
2184 -41.000000
2186 -41.000000
2187 -45.666667
2188 -41.166667
2189 -38.200000
2190 -37.250000
2191 -33.285714
2192 -31.500000
2193 -31.111111
2194 -29.500000
2195 -43.142857
2196 -30.000000
2197 -31.000000
2199 -50.000000
2200 -51.000000
2202 -53.000000
2205 -51.666667
2209 -56.000000
2211 -50.000000
2212 -65.000000
2213 -57.500000
2214 -43.000000
2215 -50.000000
2216 -54.000000
2219 -40.000000
2221 -53.000000
2222 -57.500000
2223 -66.000000
2224 -66.000000
2226 -63.000000
2229 -60.000000
2230 -62.500000
2232 -55.000000
2233 -52.000000
2234 -54.000000
2235 -61.000000
2236 -66.000000
2238 -53.000000
2239 -50.500000
2240 -46.500000
2244 -55.000000
2245 -55.000000
2246 -58.333333
2247 -53.000000
2248 -48.000000
2249 -39.000000
2250 -45.666667
2255 -61.000000
2256 -63.500000
2257 -67.000000
2258 -59.333333
2260 -57.000000
2261 -77.000000
2263 -78.000000
2266 -52.500000
2268 -50.000000
2270 -55.000000
2271 -46.000000
2272 -48.000000
2275 -33.333333
2276 -50.000000
2278 -24.000000
2279 -41.000000
2282 -53.000000
2283 -47.000000
2284 -40.000000
2285 -36.000000
2286 -43.500000
2287 -60.000000
2290 -49.500000
2291 -51.000000
2292 -59.000000
2293 -56.000000
2296 -42.000000
2302 -51.000000
2303 -41.000000
2304 -57.000000
2305 -50.000000
2309 -28.000000
2310 -43.000000
2311 -37.000000
2312 -43.500000
2313 -44.500000
2314 -39.000000
2319 -56.000000
2320 -15.000000
2321 -51.000000
2323 -54.000000
2324 -44.000000
2325 -47.333333
2327 -53.000000
2328 -41.500000
2329 -38.000000
2330 -67.000000
2332 -69.000000
2333 -66.000000
2334 -70.000000
2335 -76.500000
2336 -55.000000
2337 -40.000000
2342 -27.000000
2343 -38.000000
2344 -45.500000
2345 -98.000000
2348 -44.500000
2353 -49.000000
2354 -52.000000
2355 -37.000000
2357 -52.000000
2358 -40.000000
2361 -51.000000
2362 -39.000000
2363 -32.000000
2369 -74.000000
2371 -60.000000
2372 -72.000000
2376 -25.000000
2378 -89.000000
2380 -62.000000
2381 -55.000000
2382 -51.500000
2383 -37.000000
2386 -58.000000
2388 -41.000000
2390 -50.000000
2392 -45.000000
2393 -59.000000
2395 -72.000000
2396 -79.000000
2397 -72.000000
2398 -48.000000
2399 -54.500000
2404 -65.000000
2412 -42.000000
2413 -45.000000
2414 -46.333333
2416 -41.000000
2418 -51.000000
2419 -49.000000
2420 -56.000000
2422 -57.000000
2423 -45.666667
2429 -52.000000
2430 -63.000000
2431 -53.000000
2432 -56.000000
2433 -32.000000
2434 -56.500000
2436 -31.000000
2437 -57.000000
2444 -48.000000
2446 -43.000000
2448 -50.000000
2449 -80.000000
2451 -68.666667
2452 -51.000000
2454 -51.000000
2457 -65.000000
2458 -59.000000
2459 -38.000000
2460 -21.000000
2461 -57.500000
2463 -51.000000
2465 -64.000000
2466 -66.000000
2472 -42.000000
2481 -51.000000
2482 -25.000000
2483 -81.000000
2484 -22.000000
2488 -45.000000
2489 -47.500000
2494 -32.500000
2495 -46.000000
2496 -27.000000
2497 -29.000000
2498 -24.000000
2499 -32.000000
2500 -76.000000
2504 -52.000000
2505 -52.500000
2507 -61.000000
2508 -54.000000
2517 -45.500000
2519 -46.000000
2520 -79.000000
2522 -47.000000
2523 -60.000000
2524 -57.000000
2525 -48.500000
2526 -50.666667
2527 -46.400000
2528 -48.416667
2529 -48.666667
2530 -48.200000
2531 -20.000000
2532 -53.000000
2534 -16.000000
2536 -50.000000
2540 -86.000000
2541 -67.000000
2542 -58.000000
2543 -63.000000
2544 -53.000000
2547 -90.000000
2550 -30.000000
2551 -55.000000
2555 -39.000000
2557 -33.000000
2558 -54.000000
2559 -56.000000
2564 -58.000000
2565 -65.000000
2566 -57.666667
2567 -63.000000
2568 -45.000000
2569 -56.000000
2570 -54.000000
2571 -51.000000
2572 -44.000000
2579 -48.000000
2581 -65.000000
2590 -86.000000
2595 -63.000000
2596 -64.000000
2597 -69.000000
2599 -67.000000
2600 -66.000000
2602 -75.000000
2605 -68.000000
2607 -56.000000
2612 -73.000000
2615 -60.000000
2616 -67.000000
2617 -45.000000
2630 -79.000000
2632 -44.000000
2642 -41.000000
2644 -51.000000
2645 -59.000000
2646 -33.000000
2647 -57.500000
2650 -74.000000
2659 -66.000000
2661 -40.000000
2662 -56.000000
2664 -58.000000
2666 -53.000000
2667 -56.000000
2669 -55.000000
2674 -49.000000
2678 -71.000000
2680 -46.666667
2681 -61.500000
2686 -65.000000
2689 -64.000000
2690 -60.750000
2692 -79.000000
2693 -71.000000
2695 -50.000000
2701 -66.333333
2702 -45.000000
2703 -63.500000
2712 -72.000000
2713 -73.000000
2714 -65.000000
2716 -71.000000
2717 -56.000000
2718 -81.000000
2720 -66.000000
2723 -72.000000
2726 -53.000000
2728 -61.000000
2729 -71.000000
2732 -56.000000
2741 -59.000000
2742 -54.000000
2743 -62.000000
2746 -43.000000
2747 -58.000000
2748 -58.500000
2750 -56.500000
2752 -52.000000
2757 -45.500000
2759 -48.000000
2767 -68.000000
2771 -56.500000
2772 -49.000000
2773 -69.500000
2775 -75.000000
2778 -65.000000
2779 -65.000000
2780 -68.000000
2784 -76.500000
2786 -62.500000
2788 -61.000000
2789 -63.000000
2791 -72.000000
2792 -85.000000
2793 -60.000000
2794 -56.500000
2805 -56.333333
2806 -68.000000
2807 -47.000000
2808 -39.000000
2816 -68.000000
2817 -68.000000
2825 -51.000000
2826 -75.000000
2832 -76.000000
2833 -68.000000
2838 -67.000000
2842 -84.000000
2845 -67.000000
2846 -69.000000
2847 -67.000000
2848 -71.000000
2851 -43.000000
2852 -99.000000
2853 -83.000000
2854 -94.000000
2855 -93.000000
2856 -90.500000
2864 -62.000000
2874 -55.000000
2876 -64.000000
2886 -75.500000
2888 -61.000000
2893 -63.000000
2898 -94.000000
2902 -68.000000
2905 -60.000000
2912 -78.500000
2913 -74.000000
2916 -84.000000
2918 -71.000000
2936 -82.000000
2942 -72.000000
2947 -33.000000
2949 -62.000000
2953 -104.000000
2955 -77.000000
2960 -85.000000
2961 -77.000000
2964 -101.500000
2982 -81.000000
2988 -82.000000
2990 -92.000000
2991 -83.000000
2992 -84.666667
2993 -98.000000
2996 -85.000000
2998 -66.000000
2999 -55.000000
3001 -78.666667
3008 -87.000000
3010 -34.000000
3012 -54.000000
3014 -65.500000
3020 -63.333333
3022 -58.000000
3026 -88.000000
3029 -39.000000
3034 -74.500000
3038 -63.600000
3039 -68.000000
3040 -101.000000
3041 -78.800000
3042 -78.000000
3043 -75.200000
3044 -63.000000
3045 -65.000000
3053 -58.000000
3058 -57.000000
