670 -13.000000
671 -15.000000
672 -14.750000
673 -15.000000
674 -15.250000
677 -14.000000
678 -16.000000
679 -14.600000
680 -16.000000
681 -14.750000
682 -13.666667
683 -13.500000
684 -16.000000
686 -14.400000
687 -14.750000
688 -13.500000
689 -15.500000
690 -16.000000
691 -15.000000
692 -14.428571
693 -14.250000
694 -13.666667
695 -13.000000
696 -13.500000
697 -14.000000
698 -14.200000
699 -14.777778
700 -15.200000
701 -15.181818
702 -15.800000
703 -15.000000
704 -14.500000
705 -15.666667
706 -13.800000
707 -13.800000
708 -15.375000
709 -15.714286
710 -14.800000
711 -15.166667
712 -14.571429
713 -15.000000
714 -14.875000
715 -16.600000
716 -16.333333
717 -15.600000
718 -15.250000
719 -16.400000
720 -15.714286
721 -15.714286
722 -15.142857
723 -16.666667
724 -15.000000
725 -15.400000
726 -16.000000
727 -15.833333
728 -15.500000
729 -16.250000
730 -16.500000
731 -16.250000
732 -16.000000
733 -16.600000
734 -15.600000
735 -16.625000
736 -17.500000
737 -17.000000
738 -15.571429
739 -17.200000
740 -17.500000
741 -17.400000
742 -17.111111
743 -16.666667
744 -17.285714
745 -16.166667
746 -17.000000
747 -17.200000
748 -16.500000
749 -17.600000
750 -18.000000
751 -18.500000
752 -17.250000
753 -17.363636
754 -17.750000
755 -18.200000
756 -17.555556
757 -17.142857
758 -17.200000
759 -18.000000
760 -19.000000
761 -18.750000
762 -17.666667
763 -17.666667
764 -18.750000
765 -18.333333
766 -18.000000
767 -19.000000
768 -19.000000
769 -17.200000
770 -17.833333
771 -19.250000
772 -18.285714
773 -18.714286
774 -18.500000
775 -18.000000
776 -18.166667
777 -18.300000
778 -18.000000
779 -18.000000
780 -18.000000
781 -18.333333
782 -18.333333
783 -17.800000
784 -17.714286
785 -18.500000
786 -18.000000
787 -18.333333
788 -18.333333
789 -17.666667
790 -17.500000
791 -17.583333
792 -18.428571
793 -18.205882
794 -18.769231
795 -18.800000
796 -18.333333
797 -18.250000
798 -18.750000
799 -18.166667
800 -19.333333
801 -18.333333
802 -18.250000
803 -18.666667
804 -18.000000
805 -19.500000
806 -19.333333
807 -18.500000
808 -18.400000
809 -18.333333
810 -17.666667
811 -18.000000
812 -18.000000
813 -17.666667
814 -19.000000
815 -17.500000
816 -17.000000
817 -17.200000
818 -17.500000
819 -18.000000
820 -18.000000
821 -17.400000
822 -18.200000
823 -16.500000
824 -17.500000
825 -17.000000
826 -17.333333
827 -17.200000
828 -17.333333
829 -17.200000
830 -17.000000
831 -17.200000
832 -18.000000
833 -16.500000
834 -16.333333
835 -16.750000
836 -17.166667
837 -17.500000
838 -16.250000
839 -16.250000
840 -17.000000
841 -16.000000
842 -16.200000
843 -16.625000
844 -17.600000
845 -16.833333
846 -16.166667
847 -16.600000
848 -16.000000
849 -16.400000
850 -17.000000
851 -15.750000
852 -15.666667
853 -16.000000
854 -16.750000
855 -17.000000
856 -16.333333
857 -18.000000
858 -16.500000
859 -15.750000
860 -17.285714
861 -15.833333
862 -16.000000
863 -15.800000
864 -16.000000
865 -17.000000
866 -15.625000
867 -16.250000
868 -16.250000
869 -16.333333
870 -15.895833
871 -14.828125
872 -15.375000
873 -15.000000
874 -14.000000
875 -14.600000
876 -14.500000
877 -14.500000
878 -14.500000
879 -15.666667
880 -14.666667
881 -13.800000
882 -14.285714
883 -13.750000
884 -14.500000
885 -13.400000
886 -14.333333
887 -14.200000
888 -14.750000
889 -13.333333
890 -15.200000
891 -12.600000
892 -13.750000
893 -14.666667
894 -12.500000
895 -14.200000
896 -14.000000
897 -13.000000
898 -13.000000
899 -14.000000
900 -13.000000
901 -14.666667
902 -14.000000
903 -15.333333
904 -14.200000
905 -13.750000
906 -14.000000
907 -14.000000
909 -13.666667
910 -13.250000
911 -13.295455
912 -11.690594
913 -12.545455
914 -14.000000
915 -13.000000
916 -14.600000
917 -14.250000
918 -13.571429
919 -14.000000
920 -14.333333
921 -14.333333
922 -14.333333
923 -13.750000
924 -14.000000
925 -13.833333
926 -13.500000
927 -14.666667
928 -13.500000
929 -14.666667
930 -13.666667
931 -13.600000
932 -13.833333
933 -13.600000
934 -13.166667
935 -14.000000
936 -13.750000
937 -13.000000
938 -13.750000
939 -14.571429
940 -14.333333
941 -14.400000
942 -15.333333
943 -14.000000
944 -13.250000
945 -13.600000
946 -14.666667
947 -12.333333
948 -14.000000
949 -15.000000
950 -14.375000
951 -14.000000
952 -13.857143
953 -13.000000
954 -14.500000
955 -15.000000
956 -12.000000
957 -14.833333
958 -16.000000
959 -14.250000
960 -16.333333
961 -13.571429
962 -16.250000
963 -11.250000
964 -14.000000
965 -13.857143
966 -12.750000
967 -14.285714
968 -14.625000
969 -14.200000
970 -14.166667
971 -13.500000
972 -15.333333
973 -16.000000
974 -13.428571
975 -14.166667
976 -15.300000
977 -14.500000
978 -15.285714
979 -13.500000
980 -15.111111
981 -15.800000
982 -13.833333
983 -15.357143
984 -14.428571
985 -15.583333
986 -15.222222
987 -16.250000
988 -16.000000
989 -16.500000
990 -15.454545
991 -16.727273
992 -17.000000
993 -16.000000
994 -15.750000
995 -16.250000
996 -15.714286
997 -16.000000
998 -17.750000
999 -16.750000
1000 -17.000000
1001 -16.625000
1002 -16.111111
1003 -16.888889
1004 -16.714286
1005 -16.000000
1006 -16.333333
1007 -15.666667
1008 -15.666667
1009 -15.888889
1010 -15.138158
1011 -14.242424
1012 -14.375000
1013 -15.300000
1014 -15.333333
1015 -15.857143
1016 -15.750000
1017 -15.000000
1018 -15.750000
1019 -15.333333
1020 -16.800000
1021 -15.833333
1022 -15.833333
1023 -16.333333
1024 -16.500000
1025 -15.000000
1026 -16.333333
1027 -15.500000
1028 -16.250000
1029 -15.600000
1030 -15.142857
1031 -17.000000
1032 -15.400000
1033 -16.250000
1034 -15.750000
1035 -16.000000
1036 -15.000000
1037 -15.285714
1038 -16.000000
1039 -15.600000
1040 -14.468750
1041 -14.111111
1042 -16.222222
1043 -15.250000
1044 -16.800000
1045 -15.857143
1046 -15.555556
1047 -15.750000
1048 -16.428571
1049 -15.375000
1050 -16.250000
1051 -15.400000
1052 -16.600000
1053 -16.571429
1054 -15.444444
1055 -16.400000
1056 -16.000000
1057 -16.166667
1058 -15.888889
1059 -15.125000
1060 -15.615385
1061 -16.586207
1062 -15.465116
1063 -15.090909
1064 -15.363636
1065 -14.833333
1066 -15.428571
1067 -14.625000
1068 -16.333333
1069 -15.714286
1070 -16.666667
1071 -15.000000
1072 -16.500000
1073 -14.600000
1074 -14.500000
1075 -14.500000
1076 -13.800000
1077 -13.875000
1078 -14.714286
1079 -15.166667
1080 -14.428571
1081 -15.625000
1082 -14.800000
1083 -14.142857
1084 -15.111111
1085 -13.000000
1086 -13.250000
1087 -14.200000
1088 -14.000000
1089 -13.250000
1090 -14.333333
1091 -13.888889
1092 -13.500000
1093 -14.875000
1094 -14.000000
1095 -12.600000
1096 -14.285714
1097 -12.000000
1098 -13.500000
1099 -13.300000
1100 -13.416667
1101 -14.147541
1102 -12.863636
1103 -12.500000
1104 -12.363636
1105 -12.750000
1106 -11.888889
1107 -12.222222
1108 -12.714286
1109 -11.600000
1110 -12.875000
1111 -12.250000
1112 -12.066667
1113 -12.333333
1114 -11.900000
1115 -12.250000
1116 -12.380952
1117 -11.956522
1118 -11.636364
1119 -11.166667
1120 -11.333333
1121 -11.454545
1122 -12.350000
1123 -11.554054
1124 -11.307692
1125 -11.000000
1126 -9.600000
1127 -10.454545
1128 -9.250000
1129 -9.666667
1130 -9.750000
1131 -9.375000
1132 -9.000000
1133 -9.142857
1134 -11.000000
1135 -9.125000
1136 -9.000000
1137 -9.166667
1138 -8.222222
1139 -9.000000
1140 -8.222222
1141 -8.285714
1142 -7.600000
1143 -7.600000
1144 -7.833333
1145 -10.250000
1146 -8.714286
1147 -8.750000
1148 -7.666667
1149 -10.285714
1150 -9.166667
1151 -11.333333
1152 -9.500000
1153 -8.333333
1154 -8.500000
1155 -8.500000
1156 -10.333333
1157 -9.857143
1158 -8.500000
1159 -9.428571
1160 -9.000000
1161 -8.800000
1162 -9.000000
1163 -10.000000
1164 -9.500000
1165 -9.666667
1166 -10.500000
1167 -9.909091
1168 -11.555556
1169 -7.800000
1170 -9.571429
1171 -9.700000
1172 -9.818182
1173 -9.818182
1174 -9.200000
1175 -10.111111
1176 -8.750000
1177 -10.285714
1178 -9.800000
1179 -8.454545
1180 -9.000000
1181 -9.857143
1182 -7.666667
1183 -9.000000
1184 -9.333333
1185 -8.166667
1186 -9.750000
1187 -8.692308
1188 -7.475000
1189 -6.070313
1190 -5.666667
1191 -6.080000
1192 -6.222222
1193 -8.250000
1194 -8.000000
1195 -9.571429
1196 -7.750000
1197 -6.200000
1198 -8.750000
1199 -8.666667
1200 -8.769231
1201 -9.333333
1202 -8.000000
1203 -8.333333
1204 -9.250000
1205 -8.250000
1206 -8.000000
1207 -9.000000
1208 -8.000000
1209 -8.000000
1210 -9.000000
1211 -7.857143
1212 -8.000000
1213 -8.600000
1214 -7.600000
1215 -7.428571
1216 -7.666667
1217 -7.833333
1218 -6.857143
1219 -7.600000
1220 -6.125000
1221 -5.833333
1222 -6.736842
1223 -7.857143
1224 -6.500000
1225 -8.333333
1226 -7.166667
1227 -8.625000
1228 -8.125000
1229 -9.000000
1230 -8.944444
1231 -10.000000
1232 -8.250000
1233 -10.000000
1234 -7.857143
1235 -8.500000
1236 -8.750000
1237 -9.250000
1238 -8.571429
1239 -8.500000
1240 -8.750000
1241 -8.555556
1242 -8.000000
1243 -9.400000
1244 -9.900000
1245 -9.666667
1246 -9.846154
1247 -10.000000
1248 -12.333333
1249 -10.714286
1250 -10.333333
1251 -9.857143
1252 -13.000000
1253 -10.666667
1254 -10.000000
1255 -8.250000
1256 -10.000000
1257 -10.500000
1258 -9.250000
1259 -5.333333
1260 -10.000000
1261 -13.000000
1262 -8.166667
1263 -7.500000
1264 -6.727273
1265 -9.333333
1266 -8.285714
1267 -8.166667
1268 -9.200000
1269 -8.500000
1270 -8.333333
1271 -8.625000
1272 -8.500000
1273 -8.428571
1274 -8.888889
1275 -7.500000
1276 -9.857143
1277 -8.416667
1278 -7.000000
1279 -8.750000
1280 -7.000000
1281 -7.833333
1282 -8.666667
1283 -9.500000
1284 -8.500000
1285 -9.800000
1286 -7.666667
1287 -9.500000
1288 -7.666667
1289 -8.285714
1290 -8.000000
1291 -8.666667
1292 -7.800000
1293 -6.666667
1294 -9.222222
1295 -8.833333
1296 -11.500000
1297 -8.857143
1298 -8.200000
1299 -9.000000
1300 -9.000000
1301 -9.666667
1302 -9.600000
1303 -9.250000
1304 -8.125000
1305 -8.333333
1306 -9.333333
1307 -10.000000
1308 -9.714286
1309 -9.400000
1310 -9.750000
1311 -8.400000
1312 -9.000000
1313 -7.777778
1314 -7.800000
1315 -9.555556
1316 -9.375000
1317 -9.000000
1318 -8.600000
1319 -6.000000
1320 -8.285714
1321 -7.333333
1322 -10.666667
1323 -9.500000
1324 -8.500000
1325 -10.600000
1326 -8.750000
1327 -10.250000
1328 -10.666667
1329 -10.080000
1330 -10.114286
1331 -10.818182
1332 -12.000000
1333 -10.571429
1334 -8.000000
1335 -11.000000
1336 -10.000000
1337 -8.888889
1338 -9.333333
1339 -8.000000
1340 -9.500000
1341 -10.230769
1342 -11.200000
1343 -9.000000
1344 -10.714286
1345 -10.142857
1346 -9.666667
1347 -10.750000
1348 -10.333333
1349 -8.750000
1350 -11.333333
1351 -11.000000
1352 -8.600000
1354 -8.857143
1355 -7.500000
1356 -8.111111
1357 -8.000000
1358 -7.166667
1359 -8.454545
1360 -5.866667
1361 -5.250000
1362 -4.466667
1363 -10.500000
1364 -10.000000
1365 -9.800000
1366 -9.000000
1367 -8.250000
1368 -11.333333
1369 -9.000000
1370 -8.250000
1371 -9.600000
1372 -9.400000
1373 -8.666667
1374 -8.000000
1375 -9.800000
1376 -5.600000
1377 -8.857143
1378 -6.000000
1379 -9.200000
1380 -8.500000
1381 -9.250000
1382 -7.750000
1383 -8.000000
1384 -9.500000
1385 -10.000000
1386 -9.800000
1387 -7.714286
1388 -7.166667
1389 -6.000000
1390 -8.666667
1391 -10.000000
1392 -8.000000
1394 -8.000000
1395 -7.142857
1396 -8.500000
1397 -6.000000
1398 -8.000000
1399 -8.111111
1400 -5.000000
1401 -7.000000
1402 -7.400000
1403 -5.000000
1404 -6.800000
1405 -7.500000
1406 -7.000000
1407 -7.000000
1408 -6.750000
1409 -9.000000
1410 -7.000000
1411 -7.750000
1412 -7.769231
1413 -7.625000
1414 -9.125000
1415 -11.500000
1416 -10.000000
1417 -8.500000
1418 -9.500000
1419 -7.000000
1420 -7.500000
1421 -7.400000
1422 -8.500000
1423 -8.250000
1424 -9.400000
1425 -8.400000
1426 -9.500000
1427 -7.666667
1428 -5.500000
1429 -7.250000
1430 -9.800000
1431 -7.000000
1432 -9.000000
1433 -9.000000
1434 -12.000000
1435 -8.250000
1436 -8.500000
1437 -11.333333
1438 -10.333333
1439 -7.250000
1440 -11.500000
1441 -11.000000
1442 -10.333333
1443 -9.666667
1444 -9.500000
1445 -10.250000
1446 -10.250000
1447 -7.250000
1448 -9.285714
1449 -8.666667
1450 -8.000000
1451 -9.500000
1452 -8.800000
1453 -9.750000
1454 -13.000000
1455 -10.714286
1456 -7.500000
1457 -9.333333
1458 -8.500000
1459 -10.600000
1460 -9.600000
1461 -10.000000
1462 -5.666667
1463 -7.714286
1464 -11.250000
1465 -9.333333
1466 -7.500000
1467 -8.500000
1468 -11.000000
1469 -8.666667
1470 -6.500000
1471 -6.875000
1472 -8.600000
1473 -9.000000
1474 -11.333333
1475 -8.428571
1476 -8.600000
1477 -7.600000
1478 -10.000000
1479 -9.166667
1480 -7.400000
1481 -9.500000
1482 -10.000000
1483 -9.000000
1484 -7.500000
1485 -7.000000
1486 -8.555556
1487 -8.200000
1488 -7.666667
1489 -8.000000
1490 -9.000000
1491 -9.000000
1492 -10.000000
1493 -8.333333
1494 -9.000000
1495 -9.400000
1496 -8.500000
1497 -11.000000
1498 -8.200000
1499 -9.500000
1500 -10.200000
1501 -11.117647
1502 -10.404255
1503 -9.166667
1504 -10.444444
1505 -8.428571
1506 -9.400000
1507 -9.500000
1508 -11.000000
1509 -8.666667
1510 -7.666667
1511 -9.333333
1512 -7.000000
1513 -8.400000
1514 -9.666667
1515 -9.857143
1516 -10.000000
1517 -9.000000
1518 -10.166667
1519 -9.500000
1520 -11.250000
1521 -6.666667
1522 -7.333333
1523 -9.000000
1524 -8.000000
1525 -8.800000
1526 -7.250000
1527 -8.200000
1528 -7.500000
1529 -8.000000
1530 -10.000000
1531 -9.285714
1532 -8.666667
1533 -9.000000
1534 -6.666667
1535 -6.000000
1536 -9.000000
1537 -7.750000
1538 -6.500000
1539 -9.500000
1540 -6.750000
1541 -6.333333
1543 -8.333333
1544 -4.500000
1545 -6.000000
1546 -7.333333
1547 -6.000000
1548 -7.833333
1549 -8.500000
1550 -6.000000
1551 -8.900000
1552 -9.333333
1553 -3.000000
1554 -4.333333
1555 -7.000000
1556 -9.000000
1557 -10.166667
1558 -6.800000
1559 -5.000000
1560 -7.333333
1561 -9.333333
1562 -8.000000
1563 -3.500000
1564 -6.000000
1565 -7.000000
1566 -8.500000
1567 -11.000000
1568 -6.250000
1569 -1.500000
1570 -6.500000
1571 -6.500000
1572 -6.500000
1573 -7.000000
1574 -5.800000
1575 -7.250000
1576 -5.333333
1577 -6.666667
1578 -8.166667
1579 -7.333333
1580 -8.333333
1581 -8.000000
1582 -5.000000
1583 -7.000000
1584 -7.500000
1585 -5.833333
1586 -7.285714
1587 -7.333333
1588 -7.666667
1589 -8.666667
1590 -6.750000
1591 -7.666667
1592 -5.000000
1593 -7.000000
1594 -5.750000
1595 -6.333333
1596 -7.666667
1597 -6.333333
1598 -5.800000
1599 -7.666667
1600 -5.000000
1601 -8.000000
1602 -5.000000
1603 -5.750000
1604 -6.333333
1605 -8.666667
1606 -6.454545
1607 -6.969697
1608 -6.183673
1609 -5.500000
1610 -6.500000
1611 -6.800000
1612 -8.500000
1613 -8.500000
1614 -6.285714
1615 -6.500000
1616 -8.111111
1617 -6.000000
1618 -9.571429
1619 -6.222222
1620 -7.571429
1621 -7.000000
1622 -8.900000
1623 -7.000000
1624 -8.333333
1625 -8.500000
1626 -7.500000
1627 -7.875000
1628 -7.571429
1629 -8.375000
1630 -7.800000
1631 -9.666667
1632 -9.400000
1633 -9.500000
1634 -8.500000
1635 -8.500000
1636 -10.500000
1637 -10.000000
1638 -9.000000
1639 -7.500000
1640 -9.200000
1641 -6.857143
1642 -9.250000
1643 -7.000000
1644 -8.333333
1645 -9.250000
1646 -8.200000
1647 -9.166667
1648 -6.500000
1649 -8.666667
1650 -8.600000
1651 -9.000000
1652 -10.400000
1653 -11.400000
1654 -11.250000
1655 -9.500000
1656 -10.333333
1657 -9.333333
1658 -10.500000
1659 -9.400000
1660 -11.666667
1661 -9.142857
1662 -10.000000
1663 -9.666667
1664 -10.428571
1665 -10.800000
1666 -8.000000
1667 -11.600000
1668 -10.666667
1669 -13.000000
1670 -10.333333
1671 -11.800000
1672 -12.000000
1673 -12.687500
1674 -10.625000
1675 -10.428571
1676 -10.666667
1677 -11.666667
1678 -11.666667
1679 -11.857143
1680 -12.200000
1681 -12.500000
1682 -12.000000
1683 -14.000000
1684 -12.666667
1685 -11.000000
1686 -11.500000
1687 -12.000000
1688 -10.000000
1689 -11.000000
1690 -11.833333
1691 -11.400000
1692 -13.000000
1693 -11.000000
1694 -15.000000
1695 -10.250000
1696 -12.333333
1697 -8.000000
1698 -9.500000
1699 -11.000000
1700 -11.800000
1701 -12.200000
1702 -11.600000
1703 -11.000000
1704 -11.000000
1705 -10.875000
1706 -12.500000
1707 -14.000000
1708 -11.000000
1710 -10.000000
1711 -10.833333
1712 -13.400000
1713 -12.250000
1714 -13.250000
1715 -13.000000
1716 -13.500000
1717 -14.619048
1718 -13.696629
1719 -12.021739
1720 -10.500000
1721 -9.000000
1722 -9.000000
1724 -9.000000
1725 -7.000000
1728 -9.000000
1729 -9.000000
1730 -9.000000
1731 -8.000000
1732 -10.000000
1733 -7.500000
1734 -8.000000
1736 -9.000000
1738 -7.000000
1739 -7.000000
1740 -8.333333
1741 -8.000000
1742 -7.000000
1743 -7.000000
1746 -7.000000
1747 -7.500000
1748 -7.500000
1749 -7.500000
1751 -6.000000
1752 -6.500000
1753 -7.500000
1754 -10.000000
1755 -8.000000
1756 -8.000000
1757 -7.666667
1758 -9.000000
1759 -9.000000
1760 -10.000000
1762 -7.500000
1763 -7.500000
1764 -8.000000
1765 -7.666667
1766 -6.000000
1768 -7.000000
1769 -7.000000
1770 -7.000000
1771 -6.000000
1772 -7.250000
1773 -8.750000
1774 -8.500000
1775 -6.000000
1776 -8.500000
1777 -7.000000
1778 -9.500000
1779 -7.666667
1780 -6.789474
1781 -5.600000
1782 -5.333333
1783 -6.000000
1784 -6.857143
1785 -8.666667
1786 -8.500000
1788 -8.500000
1789 -10.000000
1790 -7.000000
1791 -8.000000
1792 -7.000000
1794 -9.000000
1796 -8.000000
1799 -8.000000
1800 -7.000000
1804 -7.500000
1805 -6.000000
1807 -8.000000
1808 -9.000000
1813 -7.000000
1815 -8.000000
1816 -10.000000
1817 -8.000000
1818 -8.500000
1819 -9.000000
1820 -10.000000
1821 -8.000000
1822 -7.750000
1824 -8.000000
1825 -9.000000
1828 -8.000000
1829 -8.333333
1830 -8.333333
1832 -9.000000
1833 -7.000000
1835 -10.000000
1838 -7.000000
1839 -5.500000
1841 -4.000000
1844 -5.000000
1845 -10.000000
1846 -7.000000
1847 -7.000000
1848 -10.000000
1849 -10.000000
1852 -7.000000
1853 -10.500000
1855 -8.000000
1858 -9.000000
1859 -11.500000
1862 -10.000000
1863 -8.750000
1864 -10.400000
1865 -8.500000
1866 -10.000000
1867 -10.000000
1868 -11.333333
1870 -11.000000
1871 -10.750000
1873 -10.500000
1878 -9.000000
1883 -9.333333
1884 -9.000000
1885 -9.666667
1886 -9.500000
1887 -10.000000
1888 -11.600000
1889 -9.000000
1890 -11.000000
1891 -10.500000
1892 -10.333333
1893 -12.000000
1894 -12.000000
1895 -9.500000
1896 -8.666667
1897 -10.600000
1898 -7.500000
1899 -11.250000
1900 -12.500000
1901 -10.000000
1902 -9.000000
1904 -10.000000
1905 -10.000000
1906 -12.500000
1907 -8.000000
1908 -11.500000
1909 -11.500000
1911 -13.000000
1912 -13.000000
1913 -11.000000
1914 -10.000000
1916 -11.000000
1918 -10.000000
1920 -9.000000
1921 -11.000000
1925 -11.000000
1926 -12.500000
1927 -12.000000
1930 -11.000000
1931 -12.000000
1932 -15.000000
1933 -16.000000
1934 -13.000000
1935 -10.800000
1936 -12.000000
1937 -12.500000
1938 -12.000000
1942 -14.000000
1944 -13.000000
1945 -12.000000
1949 -12.666667
1950 -15.000000
1951 -14.000000
1953 -15.000000
1954 -13.000000
1959 -12.500000
1961 -9.750000
1962 -10.000000
1963 -9.000000
1964 -11.000000
1965 -10.666667
1966 -13.000000
1967 -11.250000
1968 -14.375000
1969 -15.400000
1970 -15.315789
1971 -14.416667
1972 -14.000000
1973 -12.666667
1974 -14.666667
1975 -12.800000
1976 -15.250000
1977 -9.000000
1980 -14.000000
1981 -14.000000
1982 -13.000000
1984 -13.000000
1985 -14.000000
1986 -13.500000
1987 -17.000000
1988 -15.000000
1991 -13.000000
1992 -12.000000
1993 -15.250000
1994 -14.000000
1995 -12.000000
1997 -16.000000
1998 -14.000000
1999 -12.000000
2000 -15.000000
2001 -13.500000
2002 -16.000000
2003 -16.500000
2004 -13.000000
2005 -15.000000
2010 -11.000000
2011 -11.000000
2013 -16.000000
2014 -14.600000
2015 -13.000000
2016 -9.500000
2017 -9.000000
2018 -8.000000
2019 -17.000000
2020 -14.000000
2022 -15.000000
2023 -13.000000
2024 -14.000000
2025 -16.000000
2026 -15.500000
2027 -15.000000
2032 -15.000000
2033 -16.500000
2034 -15.000000
2036 -18.000000
2038 -17.000000
2040 -17.000000
2041 -15.000000
2042 -17.000000
2043 -14.500000
2045 -14.000000
2046 -16.000000
2050 -17.000000
2051 -15.500000
2052 -15.000000
2053 -18.000000
2055 -18.000000
2056 -16.000000
2057 -18.000000
2058 -20.000000
2060 -15.000000
2062 -18.000000
2063 -17.666667
2064 -21.000000
2068 -18.000000
2069 -19.000000
2070 -17.000000
2071 -20.000000
2073 -19.500000
2074 -18.000000
2075 -20.000000
2076 -16.500000
2077 -17.000000
2078 -18.000000
2079 -19.333333
2080 -18.000000
2081 -19.500000
2082 -21.000000
2084 -20.000000
2085 -17.000000
2086 -20.000000
2087 -19.000000
2088 -18.666667
2089 -19.000000
2090 -18.000000
2091 -19.000000
2094 -17.000000
2095 -15.000000
2096 -15.333333
2098 -16.000000
2099 -12.000000
2103 -16.000000
2105 -15.285714
2107 -14.666667
2119 -16.000000
2120 -16.500000
2121 -14.000000
2122 -7.000000
2123 -15.000000
2124 -13.000000
2125 -13.000000
2126 -14.000000
2127 -16.000000
2128 -13.000000
2129 -16.500000
2130 -17.000000
2131 -16.000000
2133 -15.666667
2135 -17.000000
2136 -15.000000
2137 -17.500000
2138 -16.000000
2139 -17.250000
2140 -15.000000
2141 -18.000000
2144 -14.333333
2145 -14.666667
2148 -16.000000
2149 -12.000000
2150 -11.000000
2151 -12.000000
2153 -11.000000
2154 -15.000000
2156 -11.000000
2157 -9.500000
2159 -10.000000
2160 -11.000000
2162 -14.000000
2163 -13.333333
2164 -12.000000
2166 -12.000000
2167 -16.000000
2172 -9.000000
2173 -11.333333
2174 -10.000000
2177 -12.666667
2178 -7.500000
2179 -10.333333
2180 -12.000000
2181 -11.000000
2189 -15.000000
2198 -12.000000
2199 -13.000000
2200 -14.000000
2201 -15.000000
2207 -11.000000
2209 -14.000000
2210 -12.500000
2211 -15.000000
2213 -14.000000
2216 -20.000000
2218 -13.500000
2224 -15.000000
2225 -13.500000
2226 -13.000000
2227 -12.000000
2228 -12.500000
2229 -14.000000
2230 -11.000000
2231 -14.000000
2232 -10.500000
2233 -14.000000
2234 -13.333333
2237 -13.000000
2238 -11.000000
2240 -13.000000
2241 -15.000000
2242 -12.000000
2243 -14.500000
2245 -9.666667
2246 -9.714286
2247 -7.857143
2248 -9.666667
2249 -13.000000
2252 -17.000000
2254 -18.000000
2256 -13.000000
2259 -12.000000
2261 -12.000000
2265 -17.000000
2266 -13.000000
2267 -9.000000
2268 -13.000000
2272 -11.000000
2278 -11.000000
2285 -13.000000
2286 -14.000000
2287 -8.000000
2288 -18.000000
2289 -14.500000
2290 -17.000000
2293 -18.000000
2298 -14.000000
2305 -16.000000
2313 -12.000000
2314 -13.500000
2315 -15.000000
2316 -13.500000
2318 -10.000000
2320 -15.000000
2327 -12.000000
2329 -13.000000
2335 -13.000000
2336 -13.333333
2337 -15.000000
2339 -14.000000
2341 -16.000000
2348 -14.500000
2350 -9.000000
2361 -9.000000
2367 -10.000000
2370 -12.000000
2372 -10.000000
2379 -13.000000
2381 -6.000000
2382 -3.000000
2388 -8.000000
2397 -8.000000
2402 -7.000000
2405 -9.000000
2408 -9.000000
2410 -5.000000
2425 -6.000000
2426 -5.500000
2442 -9.000000
2455 -4.000000
2459 -9.000000
2461 -5.000000
2466 -7.000000
2469 -3.000000
2477 -4.000000
2478 -5.000000
2487 -5.333333
2488 -7.000000
2489 -5.000000
2490 -1.000000
2492 1.000000
2494 -0.666667
2497 -1.000000
2498 -2.500000
2500 -8.000000
2502 -10.000000
2503 -5.000000
2504 -4.000000
2505 -2.666667
2511 -6.000000
2514 0.000000
2515 -7.000000
2516 -3.000000
2519 -8.000000
2523 -7.000000
2524 -11.000000
2525 -6.000000
2526 -3.000000
2527 -1.000000
2528 -6.000000
2531 -4.000000
2537 -7.500000
2538 -8.000000
2540 -5.000000
2545 -7.000000
2546 -4.000000
2548 -4.500000
2554 -2.666667
2555 0.000000
2556 -2.000000
2557 -4.000000
2563 -3.000000
2565 -1.000000
2566 -3.000000
2571 -5.000000
2572 -0.500000
2578 -3.000000
2580 1.000000
2585 -0.500000
2586 2.000000
2588 1.000000
2589 0.000000
2591 -0.500000
2592 -6.000000
2593 -4.000000
2594 -5.000000
2595 -8.000000
2601 -4.000000
2603 -2.000000
2609 -2.666667
2619 -5.500000
2620 -4.000000
2622 -5.500000
2624 -8.000000
2627 1.000000
2640 -5.000000
2641 -7.000000
2645 1.000000
2646 -1.000000
2649 -8.000000
2650 11.000000
2651 -3.000000
2652 -3.000000
2654 6.000000
2663 3.000000
2669 3.000000
2670 3.000000
2673 6.000000
2674 1.000000
2675 -0.500000
2676 9.000000
2679 -8.000000
2680 -4.000000
2682 -4.000000
2690 3.000000
2699 1.000000
2707 -3.500000
2710 1.000000
2712 -5.000000
2724 3.000000
2727 -2.750000
2728 -6.000000
2732 -6.000000
2733 -5.500000
2734 -3.666667
2735 -4.133333
2736 -3.500000
2737 -3.166667
2738 -2.133333
2739 -0.571429
2740 1.000000
2741 -0.333333
2742 2.666667
2743 2.000000
2745 2.000000
2746 6.000000
