826 -41.000000
827 -38.333333
828 -36.000000
829 -34.333333
830 -42.000000
831 -35.666667
832 -39.692308
833 -33.666667
834 -32.000000
836 -39.500000
837 -39.000000
838 -39.250000
839 -31.000000
840 -41.500000
841 -42.333333
843 -29.500000
844 -44.000000
845 -38.375000
846 -41.000000
848 -38.333333
850 -37.636364
851 -33.666667
852 -33.000000
853 -33.000000
854 -34.000000
855 -40.800000
856 -36.100000
857 -37.000000
858 -44.000000
860 -40.000000
862 -40.000000
863 -40.750000
864 -38.833333
865 -43.000000
866 -40.416667
867 -43.500000
868 -37.666667
869 -42.000000
870 -37.000000
871 -45.000000
872 -38.500000
873 -36.000000
874 -42.500000
875 -39.000000
876 -45.000000
877 -37.800000
878 -38.500000
879 -37.666667
880 -44.000000
883 -41.000000
885 -39.000000
886 -34.333333
887 -43.000000
888 -40.666667
889 -46.500000
890 -42.333333
897 -39.600000
898 -40.750000
899 -44.000000
900 -37.000000
901 -36.333333
902 -37.000000
903 -39.000000
905 -33.000000
906 -31.000000
907 -38.500000
908 -39.333333
909 -38.375000
910 -37.750000
911 -35.000000
913 -37.666667
914 -38.800000
915 -36.000000
918 -39.500000
919 -40.000000
926 -40.000000
927 -35.000000
931 -37.100000
932 -39.250000
933 -39.333333
934 -39.333333
935 -42.250000
936 -37.000000
937 -37.666667
938 -39.333333
939 -34.000000
940 -38.000000
941 -41.000000
942 -35.000000
943 -38.666667
944 -37.500000
945 -39.000000
948 -38.000000
949 -41.500000
951 -41.000000
953 -41.750000
954 -38.111111
957 -39.000000
958 -38.000000
959 -29.000000
960 -41.333333
961 -37.000000
963 -38.000000
964 -33.666667
965 -38.083333
966 -35.250000
967 -43.000000
968 -36.000000
971 -40.000000
975 -43.000000
976 -35.000000
977 -36.250000
978 -32.666667
980 -38.333333
981 -35.000000
982 -37.000000
983 -43.000000
984 -35.000000
985 -34.857143
986 -34.400000
987 -37.833333
988 -41.000000
990 -36.000000
992 -36.333333
993 -42.000000
994 -34.250000
995 -38.166667
996 -40.000000
997 -41.800000
998 -40.142857
999 -37.500000
1000 -35.500000
1001 -34.000000
1002 -39.833333
1003 -38.500000
1005 -39.333333
1006 -40.333333
1007 -37.750000
1008 -36.500000
1009 -41.200000
1010 -38.700000
1011 -39.556701
1012 -39.060000
1013 -36.125000
1014 -42.333333
1015 -42.000000
1018 -42.000000
1019 -35.333333
1020 -41.000000
1021 -43.000000
1022 -39.000000
1023 -39.000000
1024 -42.000000
1025 -39.000000
1026 -43.500000
1027 -42.000000
1028 -46.000000
1029 -42.875000
1030 -42.333333
1031 -44.166667
1032 -43.333333
1033 -44.400000
1034 -43.000000
1035 -38.000000
1036 -42.285714
1037 -42.000000
1038 -43.000000
1039 -48.500000
1040 -49.000000
1041 -49.000000
1042 -40.000000
1043 -43.428571
1044 -43.333333
1045 -40.000000
1046 -39.666667
1047 -43.333333
1048 -42.192308
1049 -41.800000
1050 -41.000000
1051 -55.000000
1053 -42.000000
1055 -45.000000
1056 -38.000000
1057 -44.666667
1058 -41.583333
1059 -40.750000
1060 -47.750000
1061 -44.117647
1062 -38.750000
1063 -46.500000
1064 -42.000000
1065 -47.000000
1066 -37.000000
1067 -47.000000
1068 -38.000000
1069 -42.500000
1071 -41.000000
1072 -41.333333
1073 -37.333333
1074 -43.000000
1075 -43.000000
1076 -48.000000
1077 -39.000000
1078 -47.000000
1079 -44.000000
1080 -44.000000
1081 -40.333333
1082 -43.833333
1083 -46.000000
1084 -41.400000
1085 -46.250000
1086 -47.750000
1087 -46.500000
1089 -38.000000
1090 -44.222222
1091 -44.625000
1092 -43.000000
1093 -41.666667
1094 -47.000000
1095 -45.000000
1096 -46.400000
1097 -47.666667
1098 -47.625000
1099 -46.750000
1101 -46.000000
1102 -45.000000
1103 -46.428571
1104 -48.500000
1105 -44.333333
1106 -43.000000
1107 -39.000000
1108 -42.333333
1109 -39.000000
1110 -48.750000
1111 -43.666667
1112 -45.000000
1113 -45.666667
1114 -48.800000
1115 -44.000000
1116 -48.500000
1117 -45.500000
1118 -43.000000
1120 -45.333333
1122 -48.500000
1123 -46.500000
1124 -44.000000
1125 -46.333333
1126 -46.375000
1127 -48.500000
1128 -45.000000
1130 -46.000000
1132 -48.666667
1133 -46.000000
1134 -46.200000
1135 -45.000000
1136 -51.250000
1137 -42.800000
1138 -44.500000
1139 -47.500000
1140 -49.333333
1141 -48.800000
1142 -46.000000
1144 -45.666667
1145 -46.000000
1146 -46.000000
1147 -46.500000
1148 -48.000000
1149 -50.000000
1150 -50.000000
1151 -48.333333
1152 -44.833333
1153 -52.000000
1154 -50.000000
1155 -48.000000
1156 -46.750000
1158 -49.400000
1159 -54.000000
1160 -43.000000
1161 -51.500000
1162 -52.750000
1163 -52.000000
1164 -52.400000
1165 -49.000000
1166 -43.000000
1167 -54.500000
1168 -47.750000
1169 -50.375000
1170 -49.000000
1171 -52.500000
1172 -48.666667
1173 -53.000000
1174 -51.600000
1175 -50.000000
1176 -52.000000
1177 -54.200000
1178 -54.200000
1179 -53.923077
1180 -54.650000
1181 -53.700000
1182 -51.714286
1183 -51.800000
1184 -56.000000
1185 -55.000000
1186 -54.500000
1187 -54.000000
1188 -52.500000
1189 -51.000000
1192 -50.666667
1193 -53.666667
1194 -52.000000
1195 -54.000000
1196 -59.000000
1197 -52.000000
1199 -54.000000
1200 -51.500000
1201 -46.000000
1202 -47.000000
1203 -51.000000
1204 -51.200000
1205 -52.800000
1206 -53.750000
1207 -54.714286
1208 -54.800000
1209 -56.500000
1210 -51.000000
1211 -60.000000
1213 -50.750000
1214 -47.000000
1215 -48.666667
1216 -45.000000
1217 -50.750000
1218 -48.083333
1220 -49.000000
1221 -50.750000
1222 -53.333333
1223 -51.857143
1224 -50.500000
1225 -50.000000
1226 -50.400000
1227 -50.333333
1228 -59.000000
1229 -49.000000
1231 -53.666667
1234 -50.000000
1235 -49.000000
1236 -48.500000
1237 -46.000000
1238 -50.750000
1239 -47.000000
1240 -51.666667
1241 -49.000000
1242 -46.666667
1243 -57.500000
1244 -51.800000
1245 -51.250000
1246 -57.000000
1247 -57.000000
1248 -53.000000
1249 -53.500000
1250 -51.166667
1251 -54.000000
1252 -55.000000
1253 -52.000000
1255 -52.000000
1256 -49.000000
1257 -50.000000
1258 -52.000000
1259 -51.333333
1260 -50.000000
1263 -55.000000
1264 -51.000000
1265 -48.333333
1266 -51.666667
1269 -47.000000
1270 -52.500000
1271 -50.500000
1274 -50.500000
1275 -49.400000
1276 -53.000000
1277 -49.000000
1278 -51.285714
1279 -46.000000
1280 -52.750000
1282 -55.000000
1283 -50.714286
1284 -53.666667
1285 -47.000000
1286 -46.333333
1288 -48.333333
1289 -47.600000
1290 -52.500000
1291 -51.800000
1292 -50.400000
1293 -47.750000
1295 -51.666667
1296 -49.000000
1297 -47.600000
1299 -53.000000
1300 -48.333333
1301 -48.000000
1302 -51.500000
1303 -46.800000
1304 -47.000000
1305 -51.600000
1306 -46.750000
1307 -50.000000
1308 -51.857143
1309 -54.500000
1310 -50.000000
1311 -54.400000
1312 -49.000000
1314 -55.000000
1315 -50.000000
1316 -49.500000
1317 -53.000000
1318 -45.000000
1319 -50.500000
1320 -53.500000
1322 -52.000000
1324 -54.000000
1325 -51.500000
1326 -52.363636
1327 -53.166667
1328 -53.428571
1329 -50.000000
1330 -49.500000
1331 -50.000000
1332 -55.000000
1333 -55.800000
1334 -55.333333
1336 -60.000000
1337 -69.000000
1338 -58.000000
1341 -56.000000
1342 -55.000000
1344 -53.500000
1345 -51.666667
1346 -53.000000
1347 -52.000000
1348 -55.500000
1349 -56.166667
1350 -53.142857
1351 -51.000000
1352 -53.400000
1353 -52.333333
1354 -56.500000
1355 -52.500000
1356 -61.500000
1357 -56.333333
1358 -54.111111
1359 -52.500000
1360 -50.000000
1361 -54.000000
1362 -63.000000
1365 -56.000000
1366 -54.666667
1367 -54.000000
1368 -51.500000
1369 -54.250000
1370 -53.724138
1371 -54.421053
1372 -56.400000
1373 -62.000000
1374 -54.500000
1375 -52.000000
1376 -56.500000
1377 -58.000000
1379 -49.333333
1380 -53.333333
1381 -52.000000
1384 -50.500000
1385 -48.000000
1386 -48.666667
1387 -59.500000
1388 -53.500000
1389 -52.500000
1391 -53.571429
1392 -57.000000
1393 -54.000000
1394 -53.600000
1395 -54.833333
1396 -53.200000
1397 -53.000000
1398 -56.000000
1400 -49.166667
1401 -53.750000
1402 -55.750000
1403 -56.333333
1404 -52.200000
1405 -52.555556
1406 -54.000000
1407 -47.000000
1408 -52.666667
1409 -50.833333
1410 -51.400000
1411 -54.250000
1412 -53.416667
1413 -50.857143
1414 -55.714286
1415 -53.000000
1416 -53.714286
1417 -50.750000
1418 -59.000000
1419 -49.000000
1420 -54.200000
1421 -49.600000
1422 -53.000000
1423 -59.500000
1424 -55.428571
1425 -51.666667
1426 -54.714286
1427 -55.000000
1428 -53.000000
1429 -60.000000
1430 -50.000000
1431 -53.000000
1432 -51.000000
1433 -52.538462
1434 -53.428571
1435 -54.250000
1436 -54.800000
1437 -60.000000
1439 -56.000000
1441 -55.000000
1442 -52.000000
1443 -54.555556
1444 -56.166667
1445 -52.111111
1446 -54.500000
1447 -51.000000
1448 -54.166667
1449 -54.000000
1451 -53.666667
1452 -48.000000
1453 -56.000000
1454 -56.000000
1455 -55.000000
1456 -55.000000
1457 -53.333333
1458 -58.200000
1459 -54.000000
1460 -56.142857
1461 -55.523810
1462 -54.777778
1463 -55.333333
1464 -56.750000
1465 -51.800000
1466 -54.500000
1467 -49.400000
1468 -49.500000
1469 -55.000000
1470 -46.000000
1471 -54.250000
1472 -52.000000
1474 -64.000000
1475 -57.000000
1477 -74.000000
1480 -60.000000
1481 -67.000000
1486 -65.000000
1487 -61.000000
1489 -67.000000
1491 -59.666667
1492 -63.000000
1493 -54.000000
1494 -66.000000
1495 -64.000000
1496 -63.500000
1497 -59.000000
1499 -65.000000
1502 -61.000000
1503 -66.000000
1505 -67.000000
1506 -63.500000
1507 -62.000000
1508 -58.000000
1510 -61.000000
1511 -63.333333
1512 -67.857143
1513 -66.250000
1514 -72.000000
1515 -72.250000
1516 -68.500000
1517 -62.000000
1520 -72.000000
1522 -68.500000
1523 -72.000000
1524 -70.800000
1525 -60.000000
1526 -66.000000
1527 -62.000000
1528 -61.666667
1529 -65.250000
1530 -66.000000
1531 -61.000000
1532 -61.000000
1535 -63.000000
1537 -61.000000
1540 -62.333333
1541 -65.000000
1544 -59.000000
1545 -60.000000
1546 -60.000000
1548 -62.000000
1549 -63.000000
1553 -58.500000
1556 -66.000000
1557 -60.000000
1558 -57.000000
1561 -54.000000
1562 -65.000000
1563 -64.500000
1569 -61.000000
1571 -65.500000
1573 -50.000000
1574 -55.000000
1576 -64.000000
1577 -54.000000
1579 -56.250000
1580 -57.000000
1581 -56.000000
1584 -65.000000
1586 -61.000000
1587 -60.000000
1588 -65.750000
1589 -65.666667
1590 -68.000000
1592 -61.000000
1593 -59.000000
1594 -56.000000
1595 -61.000000
1597 -61.000000
1599 -54.200000
1600 -58.400000
1601 -55.600000
1602 -52.500000
1603 -59.000000
1604 -63.666667
1605 -62.000000
1607 -60.000000
1608 -58.250000
1611 -47.000000
1612 -62.000000
1613 -66.000000
1614 -66.000000
1615 -68.500000
1617 -57.000000
1618 -75.000000
1619 -57.000000
1620 -70.000000
1622 -72.000000
1623 -69.000000
1624 -68.500000
1625 -66.666667
1626 -65.833333
1627 -66.200000
1628 -61.000000
1629 -73.500000
1630 -66.666667
1631 -63.000000
1632 -63.500000
1633 -72.000000
1635 -59.000000
1636 -68.500000
1637 -66.000000
1638 -70.000000
1642 -69.000000
1643 -67.000000
1644 -73.000000
1645 -68.500000
1646 -68.285714
1647 -67.000000
1648 -72.750000
1649 -68.000000
1651 -70.000000
1652 -71.000000
1653 -63.000000
1654 -74.333333
1655 -67.500000
1656 -63.000000
1658 -72.500000
1659 -62.000000
1660 -58.000000
1661 -70.500000
1662 -77.000000
1663 -73.333333
1664 -76.500000
1665 -71.333333
1666 -63.500000
1667 -62.333333
1669 -76.000000
1670 -60.000000
1674 -65.000000
1675 -69.333333
1676 -70.750000
1677 -70.833333
1678 -71.666667
1680 -76.000000
1681 -64.000000
1682 -63.000000
1683 -63.000000
1684 -63.000000
1686 -66.500000
1687 -65.000000
1690 -69.500000
1693 -68.000000
1694 -71.500000
1695 -60.000000
1696 -57.333333
1698 -67.000000
1699 -61.750000
1701 -65.000000
1702 -65.000000
1703 -62.000000
1704 -57.750000
1705 -61.000000
1706 -63.000000
1707 -67.000000
1708 -61.250000
1709 -63.000000
1710 -53.000000
1711 -60.333333
1712 -67.333333
1713 -63.000000
1714 -70.000000
1715 -72.000000
1716 -66.000000
1717 -63.800000
1718 -67.000000
1719 -59.000000
1720 -60.000000
1721 -53.000000
1726 -77.000000
1729 -54.000000
1730 -46.000000
1731 -56.000000
1732 -90.000000
1734 -79.000000
1762 -63.000000
1767 -55.000000
1768 -71.000000
1772 -65.000000
1783 -52.000000
1787 -51.000000
1788 -60.000000
1791 -55.333333
1792 -61.000000
1794 -50.500000
1795 -49.500000
1796 -51.000000
1801 -67.000000
1802 -59.000000
1803 -56.000000
1804 -52.400000
1805 -56.000000
1806 -50.500000
1807 -58.333333
1810 -63.000000
1812 -48.000000
1813 -58.000000
1815 -55.000000
1816 -56.000000
1818 -58.000000
1821 -45.000000
1823 -62.000000
1824 -49.500000
1825 -47.444444
1826 -56.250000
1827 -54.000000
1828 -49.833333
1829 -46.400000
1830 -53.000000
1831 -57.000000
1832 -57.000000
1833 -58.500000
1834 -50.500000
1836 -52.000000
1837 -55.333333
1838 -55.666667
1851 -45.000000
1852 -45.000000
1854 -39.000000
1855 -46.000000
1857 -49.000000
1858 -36.000000
1859 -45.000000
1860 -44.000000
1862 -45.000000
1863 -36.500000
1865 -42.666667
1866 -36.000000
1867 -39.000000
1868 -31.000000
1869 -42.000000
1870 -45.000000
1872 -41.000000
1873 -37.500000
1874 -46.142857
1875 -44.000000
1876 -44.500000
1880 -41.000000
1882 -40.000000
1958 34.000000
1966 26.000000
1967 33.000000
2008 24.000000
2043 52.000000
2045 52.000000
2046 57.400000
2049 62.500000
2052 64.000000
2055 60.333333
2056 73.000000
2084 57.000000
2085 37.000000
2086 35.666667
2087 40.000000
2090 68.000000
2091 41.000000
2096 33.000000
2097 35.000000
2098 41.500000
2099 44.000000
2139 32.000000
2159 33.000000
2166 32.000000
2167 38.000000
2169 27.000000
2190 55.500000
2194 49.000000
2195 52.000000
2196 48.000000
2199 60.000000
2205 57.000000
2206 64.000000
2212 52.500000
2218 47.000000
2278 35.000000
2279 38.000000
2283 34.000000
2288 30.500000
2291 33.000000
2354 13.000000
2357 23.000000
2362 27.000000
2364 26.000000
2365 26.428571
2373 25.000000
2375 35.000000
2376 28.000000
2377 27.000000
2378 28.272727
2379 29.666667
2380 27.000000
2381 31.000000
2404 54.000000
2405 57.500000
2406 58.000000
2431 57.000000
2433 58.000000
2436 58.250000
2439 55.500000
2440 53.500000
2441 55.000000
2443 54.000000
2444 58.000000
2445 59.000000
2446 51.000000
2447 53.500000
2449 47.428571
2450 43.666667
2451 49.666667
2452 52.250000
2453 48.750000
2454 44.000000
2456 52.000000
2457 42.000000
2458 49.600000
2459 49.666667
2460 41.000000
2461 51.666667
2462 54.000000
2463 46.000000
2464 58.000000
2465 57.000000
2466 46.000000
2467 52.250000
2469 52.500000
2470 46.200000
2471 50.375000
2473 57.000000
2474 52.750000
2475 49.666667
2476 49.800000
2477 53.000000
2478 52.500000
2479 50.000000
2481 49.000000
2482 50.000000
2483 50.272727
2484 54.000000
2485 50.500000
2486 55.333333
2487 51.250000
2488 52.875000
2489 51.000000
2490 53.800000
2491 52.000000
2492 53.500000
2493 54.666667
2494 54.666667
2495 54.000000
2496 53.666667
2497 61.000000
2498 52.100000
2499 53.800000
2500 51.500000
2501 50.166667
2502 53.200000
2503 52.600000
2504 51.333333
2505 52.750000
2506 55.666667
2508 56.000000
2511 57.000000
2512 55.000000
2513 54.000000
2515 53.500000
2516 53.000000
2517 59.000000
2518 55.400000
2520 54.000000
2522 53.000000
2523 52.000000
2524 56.000000
2525 56.000000
2526 47.750000
2527 47.600000
2528 49.500000
2529 51.714286
2530 57.000000
2532 50.000000
2533 50.500000
2534 51.000000
2536 52.333333
2538 53.500000
2539 48.666667
2541 55.000000
2542 51.500000
2544 46.000000
2545 50.750000
2546 52.000000
2547 50.750000
2548 51.333333
2549 50.000000
2550 51.666667
2551 54.000000
2552 52.000000
2553 53.750000
2554 56.000000
2555 54.000000
2556 52.000000
2557 54.285714
2558 55.500000
2559 49.000000
2560 54.750000
2561 54.750000
2562 51.111111
2563 54.625000
2564 55.000000
2565 56.250000
2566 52.000000
2567 62.000000
2568 52.000000
2569 55.285714
2570 56.142857
2571 54.285714
2572 57.000000
2574 51.500000
2575 56.000000
2576 55.000000
2578 60.000000
2579 -33.000000
2580 59.000000
2581 60.000000
2583 18.000000
2586 64.000000
2587 26.000000
2588 21.500000
2591 -48.500000
2593 -43.333333
2594 -40.000000
2595 -34.000000
2596 -38.000000
2597 -39.285714
2598 -28.333333
2600 -21.000000
2601 -34.666667
2603 -26.000000
2605 -36.000000
2607 -38.500000
2608 -39.000000
2609 -34.250000
2610 -32.750000
2611 -39.000000
2612 -31.000000
2613 -41.000000
2614 -39.500000
2615 -39.333333
2625 -40.000000
2626 -39.000000
2627 -34.500000
2628 -44.000000
2629 -48.000000
2630 -39.000000
2631 -39.666667
2632 -45.333333
2633 -43.000000
2634 -40.250000
2635 -35.250000
2636 -40.250000
2637 -39.666667
2641 -46.000000
2642 -41.200000
2643 -40.428571
2644 -35.500000
2645 -41.500000
2646 -45.000000
2647 -43.200000
2649 -40.000000
2651 -43.500000
2652 -37.500000
2653 -42.000000
2654 -38.500000
2656 -47.000000
2657 -48.000000
2659 -33.000000
2660 -40.000000
2662 -39.000000
2663 -25.500000
2666 -32.000000
2667 -31.000000
2668 -37.000000
2669 -34.500000
2670 -40.000000
2671 -31.000000
2672 -30.200000
2673 -33.200000
2674 -29.800000
2675 -31.833333
2676 -33.600000
2677 -35.500000
2678 -35.000000
2679 -37.200000
2680 -33.000000
2681 -33.800000
2682 -35.444444
2683 -35.500000
2684 -39.500000
2685 -35.666667
2686 -39.666667
2687 -36.666667
2688 -39.666667
2689 -35.333333
2690 -33.000000
2691 -39.000000
2692 -36.000000
2696 -41.000000
2698 -34.000000
2701 -39.000000
2703 -40.500000
2705 -40.500000
2706 -41.800000
2707 -34.000000
2708 -39.000000
2709 -40.166667
2710 -42.333333
2711 -37.600000
2712 -42.750000
2713 -42.000000
2715 -40.000000
2716 -39.500000
2717 -34.000000
2718 -40.400000
2719 -38.857143
2720 -35.200000
2721 -39.500000
2722 -39.000000
2723 -39.000000
2724 -40.500000
2725 -37.500000
2726 -39.500000
2727 -37.666667
2728 -37.000000
2729 -37.000000
2730 -37.000000
2731 -43.000000
2732 -37.000000
2733 -32.000000
2734 -29.000000
2738 -38.000000
2739 -26.000000
2741 -24.000000
2742 -31.000000
2743 -21.333333
2744 -22.000000
2745 -25.000000
2746 -31.000000
2747 -33.000000
2748 -21.500000
2749 -27.500000
2750 -21.666667
2751 -18.666667
2753 -23.000000
2754 -22.714286
2755 -24.000000
2756 -23.833333
2757 -23.000000
2759 -20.000000
2760 -18.666667
2761 -22.625000
2762 -22.200000
2763 -14.833333
2764 -19.142857
2765 -17.000000
2766 -19.000000
2767 -15.600000
2768 -17.300000
2769 -12.800000
2770 -19.750000
2771 -19.555556
2772 -16.125000
2773 -21.625000
2774 -17.166667
2775 -24.692308
2776 -23.357143
2777 -22.357143
2778 -27.916667
2779 -31.000000
2780 -30.611111
2781 -27.272727
2782 -34.416667
2783 -35.500000
2784 -32.727273
2786 -38.555556
2787 -43.500000
2788 -31.500000
2789 -42.000000
2791 -44.500000
2792 -42.750000
2793 -40.666667
2794 -36.000000
2795 -40.250000
2796 -41.444444
2797 -37.500000
2798 -41.000000
2799 -35.666667
2800 -37.000000
2801 -35.600000
2802 -39.666667
2803 -39.000000
2804 -42.750000
2805 -36.500000
2806 -40.000000
2807 -36.000000
2809 -39.000000
2810 -42.000000
2812 -40.500000
2813 -30.500000
2814 -30.000000
2815 -33.500000
2816 -36.000000
2817 -28.750000
2821 -26.000000
2825 -13.000000
1800 -28.000000
1811 -37.000000
1815 -46.000000
1827 -36.000000
1839 -22.000000
1844 -37.000000
1850 -27.000000
1854 -34.000000
1855 -36.000000
1858 -32.000000
1885 -36.000000
1906 -41.000000
1908 -43.200000
1909 -39.500000
1910 -38.625000
1911 -38.428571
1912 -36.166667
1913 -33.500000
1914 -28.000000
1915 -32.000000
1940 -15.000000
1943 -35.000000
1948 -42.000000
1953 -36.000000
1961 -39.000000
1971 -51.000000
1972 -43.000000
1973 -40.000000
1974 -45.500000
1975 -41.444444
1976 -40.333333
1977 -38.000000
1978 -37.500000
1980 -37.000000
2045 -37.000000
2085 -41.000000
2088 -32.000000
2089 -41.000000
2090 -29.750000
2091 -29.181818
2092 -27.571429
2093 -27.181818
2094 -25.307692
2095 -25.714286
2096 -23.125000
2097 -25.000000
2099 -26.000000
2114 -33.000000
2134 -32.000000
2144 -27.000000
2149 -29.000000
2184 -31.333333
2185 -30.500000
2186 -27.500000
2187 -23.500000
2188 -29.571429
2189 -26.700000
2190 -25.400000
2191 -23.666667
2192 -24.000000
2193 -21.500000
2238 -15.000000
2244 -27.000000
2250 -29.000000
2256 -31.000000
2257 -35.500000
2259 -30.000000
2260 -44.000000
2261 -33.000000
2262 -24.000000
2278 -38.000000
2280 -24.000000
2291 -29.000000
2294 -36.000000
2300 -34.000000
2311 -23.000000
2315 -43.000000
2317 -38.000000
2320 -39.000000
2324 -43.000000
2332 -32.000000
2343 -40.000000
2344 -40.000000
2345 -44.000000
2346 -37.500000
2347 -38.500000
2348 -37.800000
2349 -38.666667
2350 -39.000000
2351 -35.000000
2386 -36.000000
2399 -39.000000
2411 -44.000000
2416 -42.000000
2419 -49.000000
2421 -35.000000
2422 -42.000000
2423 -33.500000
2424 -44.000000
2429 -25.000000
2461 -34.000000
2462 -46.000000
2482 -64.000000
2483 -73.000000
2484 -69.000000
2489 -62.000000
2491 -63.000000
2492 -56.000000
2498 -63.000000
2502 -73.000000
2504 -50.000000
2510 -62.000000
2525 -47.000000
2527 -50.000000
2528 -53.000000
2533 -55.000000
2538 -59.000000
2542 -54.000000
2544 -50.000000
2545 -53.000000
2548 -60.000000
2549 -69.000000
2550 -69.500000
2551 -71.000000
2552 -61.000000
2553 -67.250000
2554 -59.000000
2555 -65.625000
2556 -64.833333
2557 -57.000000
2558 -59.600000
2559 -62.500000
2560 -57.000000
2561 -61.000000
2562 -56.000000
2563 -55.000000
2564 -59.000000
2567 -52.000000
2575 -58.000000
2578 -58.000000
2579 -45.000000
2581 -47.000000
2582 -52.000000
2586 -48.000000
2591 -44.000000
2594 -49.500000
2596 -37.500000
2597 -38.000000
2605 -47.000000
2610 -47.000000
2612 -55.000000
2619 -70.000000
2620 -85.000000
2645 -64.666667
2646 -61.000000
2647 -67.000000
2649 -60.000000
2650 -55.000000
2651 -55.000000
2652 -51.000000
2653 -58.000000
2654 -52.000000
2655 -52.500000
2656 -42.000000
2657 -59.000000
2659 -53.000000
2660 -55.000000
2661 -58.000000
2662 -43.000000
2665 -60.000000
2666 -48.000000
2675 -44.000000
2678 -47.000000
2685 -39.000000
2697 -45.000000
2698 -54.000000
2700 -61.000000
2708 -71.000000
2710 -57.000000
2711 -57.000000
2712 -59.500000
2713 -58.000000
2715 -54.250000
2718 -48.000000
2816 32.000000
2818 42.000000
2823 -43.000000
2824 -52.000000
2825 -47.000000
2826 -42.666667
2827 -54.000000
2829 -52.000000
2830 -43.000000
2831 -40.000000
2832 -47.000000
2839 -35.000000
2840 -34.000000
2848 -40.000000
2850 -26.000000
2866 -39.000000
2873 -54.000000
2904 -44.000000
2912 -55.000000
2941 -53.000000
2944 -18.000000
2954 -76.000000
2961 -70.000000
2965 -59.000000
2974 -61.000000
2977 -60.000000
2978 -54.000000
2985 -45.000000
2987 -49.000000
2989 -47.500000
2991 -40.000000
2993 -44.500000
2995 -41.000000
3002 -44.500000
3004 -45.000000
3005 -38.500000
3007 -37.000000
3010 -43.000000
3012 -44.000000
3013 -38.000000
3014 -36.000000
3016 -33.000000
3024 -41.000000
3025 -29.000000
3027 -52.500000
3028 -9.000000
3040 -48.500000
3042 -26.000000
3046 -56.000000
3047 -43.000000
3048 -61.000000
3050 -34.000000
3066 -32.000000
3073 -36.000000
3074 -37.000000
3075 -31.000000
3082 -38.000000
3083 -36.000000
3084 -41.000000
3094 -36.000000
3096 -29.000000
3100 -28.000000
3102 -30.000000
3107 -63.000000
3108 -51.000000
3109 -45.000000
3111 -41.000000
3112 -40.500000
3113 -47.250000
3114 -56.500000
3115 -47.400000
3116 -47.833333
3117 -41.250000
3118 -43.666667
3119 -43.500000
3120 -46.500000
3121 -40.833333
3122 -42.000000
3123 -50.000000
3124 -38.000000
3128 -36.000000
