6 908.125000
7 904.428571
8 905.285714
9 906.142857
10 905.875000
11 902.714286
12 906.000000
13 904.857143
14 905.857143
15 905.375000
16 908.000000
17 905.571429
18 906.000000
19 905.000000
20 907.428571
21 907.000000
22 905.714286
23 904.857143
24 905.375000
25 906.857143
26 906.000000
27 905.875000
28 904.714286
29 905.875000
30 905.285714
31 905.142857
32 906.750000
33 905.000000
34 904.857143
35 905.125000
36 904.571429
37 906.142857
38 906.875000
39 905.857143
40 904.857143
41 905.375000
42 904.000000
43 905.428571
44 907.500000
45 907.714286
46 906.142857
47 905.625000
48 906.000000
49 905.625000
50 906.571429
51 905.428571
52 905.500000
53 906.857143
54 905.000000
55 905.875000
56 905.714286
57 904.000000
58 906.000000
59 905.857143
60 907.750000
61 904.428571
62 904.285714
63 904.375000
64 906.285714
65 905.142857
66 904.625000
67 905.000000
68 906.857143
69 905.000000
70 905.000000
71 903.714286
72 906.250000
73 903.428571
74 905.142857
75 906.750000
76 905.285714
77 905.125000
78 906.142857
79 905.428571
80 905.250000
81 904.428571
82 903.714286
83 905.250000
84 903.285714
85 903.875000
86 906.714286
87 906.285714
88 904.875000
89 903.714286
90 906.571429
91 906.000000
92 904.857143
93 906.000000
94 906.125000
95 904.428571
96 902.285714
97 905.000000
98 907.000000
99 906.750000
100 903.428571
101 905.571429
102 906.125000
103 905.285714
104 906.428571
105 907.750000
106 906.000000
107 906.000000
108 907.625000
109 905.285714
110 905.428571
111 904.000000
112 905.428571
113 906.571429
114 905.875000
115 906.857143
116 906.500000
117 905.285714
118 906.857143
119 906.375000
120 906.571429
121 907.857143
122 905.000000
123 906.000000
124 905.142857
125 905.375000
126 906.000000
127 905.750000
128 906.428571
129 905.142857
130 906.625000
131 903.428571
132 904.428571
133 904.375000
134 904.142857
135 904.571429
136 905.250000
137 906.000000
138 905.571429
139 903.875000
140 904.285714
141 905.000000
142 903.875000
143 904.000000
144 904.428571
145 905.500000
146 907.142857
147 904.500000
148 908.571429
149 904.142857
150 906.125000
151 904.428571
152 905.714286
153 903.375000
154 905.428571
155 906.625000
156 905.714286
157 905.000000
158 907.875000
159 902.714286
160 905.714286
161 904.625000
162 904.571429
163 904.250000
164 905.571429
165 906.285714
166 905.375000
167 905.142857
168 905.750000
169 902.857143
170 905.000000
171 904.500000
172 906.285714
173 906.428571
174 904.375000
175 905.428571
176 904.000000
177 904.428571
178 905.857143
179 905.875000
180 903.857143
181 904.142857
182 906.875000
183 908.000000
184 908.125000
185 905.142857
186 906.714286
187 906.500000
188 906.285714
189 904.714286
190 906.375000
191 905.857143
192 906.142857
193 904.125000
194 905.142857
195 904.714286
196 903.750000
197 904.285714
198 908.125000
199 907.285714
200 906.000000
201 905.125000
202 905.571429
203 904.571429
204 905.500000
205 907.000000
206 907.428571
207 905.875000
208 903.142857
209 904.571429
210 905.125000
211 907.285714
212 906.500000
213 907.142857
214 903.857143
215 903.625000
216 907.857143
217 905.714286
218 904.250000
219 903.571429
220 904.000000
221 905.375000
222 904.714286
223 903.500000
224 902.857143
225 905.714286
226 906.625000
227 907.428571
228 903.000000
229 904.625000
230 904.714286
231 905.571429
232 905.500000
233 907.000000
234 905.000000
235 906.285714
236 905.285714
237 905.500000
238 904.428571
239 905.285714
240 904.500000
241 904.571429
242 904.428571
243 904.750000
244 901.714286
245 906.285714
246 906.500000
247 906.142857
248 907.142857
249 904.500000
250 906.571429
251 904.857143
252 903.375000
253 905.285714
254 904.285714
255 904.857143
256 904.500000
257 904.714286
258 905.000000
259 907.500000
260 905.142857
261 905.428571
262 906.750000
263 903.857143
264 903.285714
265 905.500000
266 905.285714
267 904.857143
268 904.500000
269 905.428571
270 904.714286
271 902.375000
272 904.857143
273 904.250000
274 905.714286
275 907.428571
276 904.875000
277 904.428571
278 905.375000
279 904.000000
280 903.142857
281 903.625000
282 906.571429
283 905.000000
284 905.571429
285 905.142857
286 904.750000
287 909.285714
288 905.571429
289 905.625000
290 903.857143
291 905.142857
292 906.125000
293 906.285714
294 904.857143
295 907.500000
296 907.428571
297 906.625000
298 904.571429
299 905.285714
300 906.000000
301 904.571429
302 904.857143
303 905.500000
304 905.571429
305 905.428571
306 906.875000
307 906.857143
308 906.250000
309 905.428571
310 904.142857
311 906.250000
312 906.428571
313 904.714286
314 905.250000
315 905.142857
316 905.625000
317 904.857143
318 904.285714
319 903.250000
320 904.285714
321 905.857143
322 905.375000
323 903.714286
324 902.428571
325 905.250000
326 904.428571
327 904.571429
328 904.375000
329 904.428571
330 903.875000
331 904.714286
332 905.285714
333 903.000000
334 905.714286
335 904.428571
336 905.250000
337 905.428571
338 905.142857
339 903.625000
340 903.714286
341 902.571429
342 905.125000
343 903.857143
344 902.875000
345 905.285714
346 906.285714
347 904.750000
348 903.142857
349 903.857143
350 905.125000
351 903.571429
352 905.857143
353 906.625000
354 904.285714
355 905.714286
356 908.000000
357 905.428571
358 903.000000
359 905.125000
360 906.285714
361 903.750000
362 905.428571
363 903.571429
364 903.000000
365 905.428571
366 906.000000
367 904.875000
368 904.000000
369 904.142857
370 904.250000
371 904.714286
372 904.714286
373 905.375000
374 907.285714
375 903.857143
376 902.875000
377 904.857143
378 906.285714
379 903.750000
380 902.857143
381 907.000000
382 906.875000
383 904.285714
384 905.000000
385 904.375000
386 905.285714
387 904.625000
388 907.571429
389 904.000000
390 904.000000
391 906.428571
392 904.571429
393 906.500000
394 905.714286
395 904.750000
396 903.428571
397 904.571429
398 904.375000
399 906.714286
400 904.857143
401 904.571429
402 904.750000
403 904.714286
404 906.875000
405 905.857143
406 906.571429
407 905.500000
408 907.428571
409 903.142857
410 906.250000
411 904.142857
412 906.428571
413 902.750000
414 904.714286
415 905.285714
416 907.000000
417 905.285714
418 907.875000
419 905.714286
420 904.285714
421 902.875000
422 905.285714
423 905.857143
424 905.500000
425 905.714286
426 905.125000
427 906.857143
428 902.571429
429 906.125000
430 907.000000
431 904.000000
432 905.142857
433 902.857143
434 906.125000
435 905.714286
436 906.714286
437 905.250000
438 905.285714
439 905.142857
440 906.125000
441 905.857143
442 906.250000
443 906.000000
444 904.285714
445 904.250000
446 904.428571
447 904.714286
448 905.250000
449 903.714286
450 904.000000
451 906.500000
452 902.714286
453 904.875000
454 902.142857
455 904.142857
456 905.375000
457 905.428571
458 906.125000
459 902.142857
460 905.000000
461 902.625000
462 904.714286
463 904.875000
464 905.285714
465 904.142857
466 904.875000
467 904.857143
468 904.714286
469 904.714286
470 903.500000
471 905.000000
472 905.000000
473 904.375000
474 903.000000
475 904.857143
476 902.875000
477 902.714286
478 903.125000
479 903.285714
480 905.000000
481 905.000000
482 903.571429
483 905.571429
484 906.500000
485 904.714286
486 903.571429
487 903.750000
488 906.142857
489 903.125000
490 904.285714
491 905.714286
492 905.500000
493 904.857143
494 904.571429
495 907.000000
496 905.142857
497 908.375000
498 904.142857
499 904.142857
500 903.250000
501 903.857143
502 905.142857
503 904.875000
504 904.142857
505 905.500000
506 906.142857
507 904.714286
508 906.250000
509 906.428571
510 908.428571
511 905.625000
512 904.000000
513 904.625000
514 903.428571
515 904.428571
516 905.000000
517 905.000000
518 904.875000
519 904.857143
520 903.714286
521 904.750000
522 905.714286
523 904.142857
524 906.500000
525 904.428571
526 905.875000
527 904.285714
528 905.571429
529 904.250000
530 904.857143
531 904.571429
532 903.000000
533 905.714286
534 904.285714
535 903.875000
536 906.714286
537 903.571429
538 903.750000
539 903.428571
540 904.750000
541 906.285714
542 903.428571
543 905.125000
544 904.857143
545 904.285714
546 905.750000
547 901.000000
548 904.750000
549 905.285714
550 906.000000
551 905.750000
552 905.571429
553 908.285714
554 904.750000
555 905.714286
556 906.000000
557 906.750000
558 905.285714
559 904.375000
560 906.285714
561 906.142857
562 904.625000
563 906.714286
564 905.571429
565 905.125000
566 904.428571
567 904.714286
568 906.625000
569 904.857143
570 904.857143
571 902.375000
572 903.285714
573 905.428571
574 905.375000
575 904.857143
576 905.625000
577 905.000000
578 904.714286
579 905.125000
580 904.000000
581 903.571429
582 905.250000
583 903.285714
584 904.125000
585 905.571429
586 904.000000
587 905.000000
588 906.000000
589 903.142857
590 904.375000
591 903.571429
592 905.250000
593 904.571429
594 906.142857
595 906.125000
596 907.000000
597 903.714286
598 903.750000
599 905.142857
600 904.000000
601 905.125000
602 903.000000
603 903.714286
604 905.375000
605 905.571429
606 904.875000
607 904.000000
608 906.142857
609 903.750000
610 904.428571
611 906.571429
612 905.000000
613 903.285714
614 904.571429
615 908.000000
616 903.285714
617 903.750000
618 904.000000
619 903.428571
620 904.250000
621 904.142857
622 904.285714
623 905.875000
624 907.000000
625 904.428571
626 905.125000
627 906.428571
628 904.875000
629 906.000000
630 905.142857
631 904.250000
632 904.142857
633 906.142857
634 903.500000
635 905.142857
636 904.142857
637 905.500000
638 904.571429
639 905.428571
640 903.625000
641 904.571429
642 907.125000
643 903.714286
644 905.142857
645 902.250000
646 904.428571
647 904.857143
648 904.875000
649 904.714286
650 905.142857
651 907.125000
652 903.857143
653 903.125000
654 907.142857
655 904.285714
656 905.000000
657 905.142857
658 905.285714
659 905.250000
660 901.857143
661 904.625000
662 903.000000
663 905.285714
664 904.250000
665 905.857143
666 905.428571
667 904.875000
668 904.571429
669 906.375000
670 903.285714
671 903.571429
672 904.375000
673 904.000000
674 904.142857
675 905.125000
676 905.428571
677 904.125000
678 906.000000
679 907.000000
680 906.750000
681 906.000000
682 904.285714
683 906.625000
684 907.571429
685 904.500000
686 904.285714
687 904.857143
688 904.625000
689 903.857143
690 905.571429
691 906.625000
692 906.714286
693 905.125000
694 904.571429
695 903.857143
696 904.250000
697 904.000000
698 905.428571
699 904.000000
700 903.428571
701 905.250000
702 903.285714
703 904.428571
704 904.875000
705 904.285714
706 906.714286
707 903.375000
708 905.285714
709 905.857143
710 903.500000
711 904.428571
712 903.500000
713 904.714286
714 904.571429
715 902.750000
716 904.571429
717 904.142857
718 905.500000
719 905.142857
720 903.571429
721 906.000000
722 905.428571
723 904.000000
724 904.000000
725 903.285714
726 905.000000
727 905.625000
728 906.142857
729 903.625000
730 906.714286
731 904.714286
732 905.500000
733 908.142857
734 907.500000
735 903.285714
736 906.000000
737 904.125000
738 905.285714
739 904.571429
740 905.125000
741 907.428571
742 902.571429
743 903.625000
744 905.571429
745 906.500000
746 906.285714
747 903.571429
748 904.000000
749 905.142857
750 904.142857
751 903.875000
752 903.571429
753 904.375000
754 905.285714
755 905.285714
756 906.375000
757 903.428571
758 906.428571
759 905.750000
760 905.571429
761 906.428571
762 904.000000
763 903.714286
764 903.571429
765 902.500000
766 903.000000
767 903.750000
768 904.285714
769 905.571429
770 905.000000
771 903.000000
772 904.285714
773 905.500000
774 905.000000
775 904.875000
776 904.428571
777 903.714286
778 905.250000
779 905.285714
780 905.714286
781 905.125000
782 903.000000
783 904.571429
784 904.750000
785 904.000000
786 905.285714
787 905.875000
788 904.714286
789 905.375000
790 903.571429
791 904.571429
792 904.000000
793 904.714286
794 903.857143
795 902.625000
796 903.000000
797 903.000000
798 904.875000
799 904.000000
800 905.625000
801 902.571429
802 905.571429
803 903.875000
804 903.714286
805 904.714286
806 903.750000
807 904.428571
808 903.428571
809 905.500000
810 903.571429
811 906.285714
812 904.000000
