4 920.833333
5 921.866667
6 923.966667
7 923.600000
8 925.966667
9 927.466667
10 930.600000
11 929.900000
12 930.566667
13 926.666667
14 925.700000
15 928.466667
16 930.333333
17 929.233333
18 929.933333
19 931.400000
20 934.166667
21 932.666667
22 932.833333
23 934.533333
24 935.466667
25 935.833333
26 931.833333
27 932.866667
28 933.533333
29 934.233333
30 934.533333
31 937.000000
32 935.900000
33 936.666667
34 936.833333
35 937.333333
36 935.366667
37 939.400000
38 937.566667
39 938.100000
40 937.600000
41 941.433333
42 938.100000
43 934.800000
44 934.633333
45 937.933333
46 939.533333
47 940.633333
48 941.033333
49 938.033333
50 940.233333
51 939.166667
52 942.000000
53 939.233333
54 940.366667
55 939.366667
56 942.500000
57 941.166667
58 941.933333
59 943.766667
60 936.833333
61 937.900000
62 938.133333
63 939.800000
64 940.133333
65 941.933333
66 940.133333
67 940.866667
68 940.900000
69 940.466667
70 942.866667
71 941.666667
72 942.500000
73 939.866667
74 943.333333
75 943.900000
76 944.433333
77 942.433333
78 942.300000
79 943.700000
80 940.466667
81 940.833333
82 938.866667
83 941.700000
84 941.400000
85 942.933333
86 941.866667
87 944.266667
88 944.500000
89 943.833333
90 940.866667
91 940.833333
92 942.266667
93 945.233333
94 943.733333
95 945.500000
96 942.933333
97 944.433333
98 945.266667
99 945.600000
100 945.633333
101 946.633333
102 943.700000
103 942.666667
104 942.800000
105 944.633333
106 944.400000
107 945.666667
108 945.600000
109 945.033333
110 945.066667
111 945.766667
112 945.366667
113 945.366667
114 946.300000
115 948.100000
116 948.466667
117 945.866667
118 949.366667
119 946.366667
120 947.066667
121 950.933333
122 948.633333
123 944.433333
124 946.533333
125 945.133333
126 946.000000
127 942.300000
128 944.766667
129 948.766667
130 946.200000
131 946.900000
132 948.833333
133 945.733333
134 946.533333
135 947.900000
136 948.833333
137 945.466667
138 947.266667
139 946.200000
140 947.200000
141 948.300000
142 948.100000
143 947.366667
144 946.966667
145 950.933333
146 950.066667
147 951.000000
148 947.366667
149 946.666667
150 946.366667
151 948.033333
152 947.866667
153 944.833333
154 946.600000
155 948.166667
156 949.033333
157 949.233333
158 950.066667
159 950.566667
160 950.400000
161 949.100000
162 950.633333
163 950.333333
164 953.200000
165 950.233333
166 952.866667
167 953.666667
168 952.233333
169 951.366667
170 949.400000
171 951.666667
172 951.866667
173 953.033333
174 951.300000
175 949.000000
176 951.066667
177 948.500000
178 953.966667
179 953.500000
180 951.666667
181 951.733333
182 950.700000
183 952.533333
184 953.033333
185 955.333333
186 954.666667
187 953.533333
188 952.666667
189 957.266667
190 955.800000
191 952.900000
192 957.733333
193 953.600000
194 953.433333
195 950.966667
196 949.900000
197 951.266667
198 953.266667
199 952.066667
200 953.566667
201 953.833333
202 952.633333
203 952.766667
204 954.133333
205 955.533333
206 953.000000
207 951.200000
208 951.800000
209 952.733333
210 954.900000
211 955.066667
212 953.900000
213 954.933333
214 955.466667
215 955.666667
216 954.166667
217 956.933333
218 957.666667
219 952.766667
220 949.633333
221 953.966667
222 954.166667
223 954.300000
224 953.833333
225 953.900000
226 952.200000
227 953.233333
228 953.200000
229 956.566667
230 953.300000
231 952.466667
232 952.000000
233 953.500000
234 955.900000
235 955.300000
236 953.300000
237 956.233333
238 955.433333
239 956.733333
240 955.866667
241 955.366667
242 954.666667
243 955.933333
244 958.833333
245 955.100000
246 958.733333
247 957.433333
248 957.600000
249 954.866667
250 954.733333
251 951.366667
252 956.400000
253 952.066667
254 955.433333
255 954.500000
256 953.666667
257 957.266667
258 955.600000
259 957.600000
260 954.633333
261 957.533333
262 955.433333
263 958.333333
264 958.000000
265 957.966667
266 957.466667
267 959.133333
268 958.700000
269 956.866667
270 960.066667
271 959.566667
272 960.533333
273 958.333333
274 958.600000
275 959.266667
276 960.333333
277 958.933333
278 956.233333
279 954.866667
280 955.833333
281 956.000000
282 955.366667
283 957.300000
284 956.500000
285 958.033333
286 955.900000
287 957.333333
288 957.333333
289 956.100000
290 958.500000
291 955.666667
292 957.233333
293 957.566667
294 959.333333
295 957.966667
296 958.666667
297 957.966667
298 959.400000
299 958.133333
300 959.133333
301 958.800000
302 959.000000
303 956.300000
304 959.033333
305 960.400000
306 959.000000
307 957.233333
308 954.866667
309 956.133333
310 956.333333
311 954.166667
312 955.400000
313 954.600000
314 955.800000
315 956.966667
316 957.100000
317 955.666667
318 955.833333
319 955.900000
320 958.600000
321 957.333333
322 960.066667
323 955.700000
324 956.966667
325 958.200000
326 958.933333
327 956.266667
328 957.833333
329 956.533333
330 960.600000
331 957.500000
332 958.266667
333 957.533333
334 958.600000
335 957.500000
336 959.500000
337 956.333333
338 955.500000
339 954.533333
340 953.933333
341 954.200000
342 953.666667
343 954.300000
344 956.100000
345 955.866667
346 954.966667
347 954.200000
348 955.233333
349 956.666667
350 956.133333
351 953.033333
352 954.766667
353 955.633333
354 956.833333
355 956.100000
356 958.166667
357 958.633333
358 957.500000
359 957.500000
360 953.600000
361 958.000000
362 957.933333
363 957.866667
364 957.200000
365 956.900000
366 957.266667
367 957.666667
368 956.666667
369 956.400000
370 959.733333
371 954.233333
372 957.200000
373 956.333333
374 952.266667
375 954.400000
376 955.500000
377 955.633333
378 956.633333
379 954.566667
380 957.100000
381 954.633333
382 957.066667
383 959.566667
384 957.033333
385 957.433333
386 960.266667
387 958.633333
388 958.466667
389 958.200000
390 959.233333
391 959.633333
392 960.200000
393 958.666667
394 958.600000
395 960.333333
396 959.500000
397 962.166667
398 959.200000
399 959.566667
400 959.233333
401 960.200000
402 959.700000
403 961.300000
404 957.266667
405 954.466667
406 958.000000
407 955.566667
408 956.033333
409 958.166667
410 953.600000
411 955.866667
412 955.266667
413 956.533333
414 956.833333
415 955.933333
416 957.800000
417 957.733333
418 957.033333
419 957.866667
420 958.300000
421 958.466667
422 957.066667
423 959.933333
424 959.766667
425 959.966667
426 958.866667
427 959.333333
428 958.666667
429 960.400000
430 960.900000
431 962.700000
432 958.533333
433 961.666667
434 963.200000
435 960.766667
436 960.933333
437 959.533333
438 959.633333
439 958.000000
440 963.466667
441 961.766667
442 960.533333
443 956.833333
444 958.566667
445 956.633333
446 955.100000
447 956.433333
448 958.733333
449 956.866667
450 958.566667
451 957.633333
452 959.633333
453 958.566667
454 958.133333
455 958.733333
456 959.900000
457 959.800000
458 962.833333
459 960.733333
460 959.666667
461 957.433333
462 960.400000
463 960.200000
464 959.100000
465 958.533333
466 961.633333
467 960.433333
468 960.400000
469 959.666667
470 959.733333
471 961.600000
472 961.733333
473 962.933333
474 962.266667
475 961.100000
476 959.533333
477 962.566667
478 962.033333
479 961.733333
480 960.733333
481 961.100000
482 959.600000
483 959.666667
484 959.200000
485 959.633333
486 959.166667
487 961.533333
488 959.533333
489 959.133333
490 960.200000
491 961.633333
492 959.966667
493 960.633333
494 960.066667
495 961.333333
496 962.400000
497 963.000000
498 961.633333
499 962.700000
500 962.366667
501 964.333333
502 964.400000
503 963.766667
504 967.066667
505 962.766667
506 966.300000
507 967.900000
508 969.933333
509 970.466667
510 970.933333
511 966.166667
512 968.400000
513 970.900000
514 970.366667
515 967.833333
516 967.833333
517 966.800000
518 968.433333
519 966.433333
520 969.866667
521 969.833333
522 971.366667
523 973.333333
524 971.433333
525 969.433333
526 969.666667
527 968.900000
528 967.700000
529 968.600000
530 969.566667
531 968.866667
532 969.366667
533 968.333333
534 968.733333
535 969.133333
536 967.400000
537 969.200000
538 971.566667
539 971.700000
540 970.866667
541 970.166667
542 969.033333
543 968.600000
544 970.166667
545 975.600000
546 970.900000
547 971.366667
548 971.400000
549 975.433333
550 971.300000
551 972.500000
552 975.233333
553 973.466667
554 973.200000
555 974.800000
556 972.766667
557 972.600000
558 976.600000
559 974.433333
560 974.300000
561 976.900000
562 973.200000
563 973.866667
564 971.633333
565 978.800000
566 976.866667
567 977.466667
568 973.566667
569 976.733333
570 971.033333
571 975.000000
572 974.533333
573 976.233333
574 974.033333
575 972.933333
576 972.833333
577 973.566667
578 972.066667
579 970.833333
580 974.333333
581 976.966667
582 973.033333
583 974.233333
584 975.800000
585 972.800000
586 976.900000
587 976.366667
588 973.666667
589 971.800000
590 975.500000
591 976.633333
592 976.533333
593 976.666667
594 976.500000
595 975.166667
596 978.266667
597 975.433333
598 976.733333
599 978.833333
600 975.666667
601 978.200000
602 978.766667
603 979.033333
604 978.233333
605 977.200000
606 978.200000
607 976.866667
608 978.033333
609 977.400000
610 979.766667
611 976.933333
612 977.400000
613 979.666667
614 979.366667
615 979.466667
616 978.033333
617 981.166667
618 979.100000
619 972.266667
620 970.766667
621 973.233333
622 975.033333
623 971.800000
624 975.700000
625 974.866667
626 973.633333
627 974.500000
628 973.166667
629 974.200000
630 975.800000
631 974.800000
632 977.966667
633 975.966667
634 973.366667
635 974.133333
636 976.233333
637 974.566667
638 977.966667
639 972.866667
640 972.466667
641 976.300000
642 974.833333
643 974.766667
644 975.633333
645 975.933333
646 971.933333
647 975.333333
648 975.933333
649 974.666667
650 974.066667
651 977.700000
652 976.666667
653 976.366667
654 970.866667
655 972.666667
656 975.266667
657 976.433333
658 975.800000
659 978.800000
660 978.000000
661 975.600000
662 976.900000
663 974.233333
664 975.400000
665 975.433333
666 978.100000
667 979.900000
668 977.033333
669 976.733333
670 977.866667
671 978.066667
672 976.800000
673 974.300000
674 975.366667
675 974.433333
676 974.866667
677 977.433333
678 976.033333
679 976.833333
680 973.333333
681 976.800000
682 977.533333
683 975.600000
684 975.866667
685 974.900000
686 976.533333
687 976.466667
688 975.300000
689 977.166667
690 976.233333
691 978.166667
692 977.766667
693 977.866667
694 977.833333
695 973.733333
696 977.000000
697 976.700000
698 977.966667
699 975.333333
700 979.133333
701 979.166667
702 980.866667
703 979.666667
704 977.066667
705 979.300000
706 976.733333
707 975.700000
708 978.266667
709 979.066667
710 975.933333
711 979.466667
712 979.482759
713 981.709677
714 979.379310
715 979.870968
716 979.586207
717 981.000000
718 977.827586
719 979.612903
720 979.655172
721 976.645161
722 981.103448
723 979.967742
724 979.758621
725 980.806452
726 981.965517
727 976.935484
728 975.137931
729 974.870968
730 976.724138
731 976.225806
732 974.758621
733 971.322581
734 973.827586
735 975.322581
736 976.758621
737 976.903226
738 975.965517
739 977.483871
740 977.068966
741 975.096774
742 977.551724
743 978.290323
744 976.068966
745 976.451613
746 975.551724
747 974.548387
748 976.793103
749 978.774194
750 976.655172
751 979.032258
752 976.862069
753 978.419355
754 975.931034
755 979.290323
756 975.620690
757 977.032258
758 975.965517
759 974.580645
760 974.724138
761 976.548387
762 977.034483
763 975.838710
764 977.551724
765 973.967742
766 975.344828
767 976.290323
768 975.068966
769 976.322581
770 975.344828
771 980.451613
772 976.827586
773 974.612903
774 978.137931
775 979.225806
776 979.275862
777 978.483871
778 978.241379
779 976.064516
780 977.620690
781 977.290323
782 976.172414
783 974.967742
784 978.379310
785 980.774194
786 979.724138
787 978.870968
788 975.793103
789 980.129032
790 976.724138
791 980.967742
792 979.172414
793 976.387097
794 980.551724
795 971.483871
796 973.758621
797 974.903226
798 973.068966
799 974.612903
800 973.310345
801 973.387097
802 969.206897
803 971.548387
804 971.379310
805 969.677419
806 969.896552
807 969.290323
808 970.862069
809 974.225806
810 975.034483
811 977.258065
812 982.620690
813 973.064516
814 975.517241
815 972.709677
816 978.517241
817 972.225806
818 973.724138
819 974.483871
820 978.379310
821 978.193548
822 977.000000
823 975.225806
824 975.896552
825 977.419355
826 980.034483
827 976.548387
828 976.931034
829 976.838710
830 980.241379
831 982.935484
832 982.482759
833 979.032258
834 982.000000
835 979.709677
836 979.310345
837 979.806452
838 978.206897
839 982.161290
840 979.655172
841 981.935484
842 980.448276
843 980.225806
844 976.724138
845 980.225806
846 979.896552
847 978.193548
848 985.689655
849 977.225806
850 983.344828
851 979.483871
852 980.206897
853 975.451613
854 979.689655
855 976.064516
856 976.103448
857 976.548387
858 978.448276
859 974.290323
860 979.700000
861 979.266667
862 970.620690
863 972.419355
864 977.344828
865 977.741935
866 975.241379
867 974.645161
868 979.766667
869 976.333333
870 975.333333
871 978.000000
872 980.965517
873 979.451613
874 974.896552
875 978.000000
876 979.344828
877 979.258065
878 976.275862
879 976.225806
880 976.655172
881 978.032258
882 977.310345
883 978.903226
884 981.862069
885 974.290323
886 977.206897
887 980.032258
888 978.633333
889 980.366667
890 979.655172
891 979.129032
892 984.448276
893 981.645161
894 979.758621
895 979.516129
896 976.379310
897 978.419355
898 976.793103
899 979.419355
900 981.724138
901 980.903226
902 982.206897
903 982.354839
904 978.137931
905 982.096774
906 980.517241
907 985.161290
908 978.633333
909 980.066667
910 983.068966
911 978.580645
912 984.000000
913 984.258065
914 979.827586
915 980.096774
916 978.620690
917 978.096774
918 978.827586
919 981.419355
920 976.379310
921 977.322581
922 979.655172
923 978.516129
924 982.172414
925 982.000000
926 977.689655
927 979.225806
928 981.758621
929 984.161290
930 979.931034
931 976.806452
932 981.862069
933 981.612903
934 982.482759
935 982.000000
936 982.482759
937 981.129032
938 978.896552
939 981.838710
940 982.827586
941 981.387097
942 978.344828
943 978.483871
944 977.379310
945 974.387097
946 978.965517
947 978.451613
948 978.965517
949 980.580645
950 980.551724
951 977.967742
952 978.758621
953 980.774194
954 981.482759
955 982.193548
956 975.862069
957 985.548387
958 980.206897
959 979.193548
960 977.827586
961 980.806452
962 983.862069
963 979.645161
964 980.448276
965 978.000000
966 983.333333
967 979.566667
968 984.931034
969 979.258065
970 981.137931
971 978.064516
972 978.433333
973 984.000000
