-863.925842 1209.041016
-861.338379 1210.885986
-858.747498 1212.724609
-855.577332 1213.740112
-852.981628 1215.565796
-852.672974 1220.664795
-850.063049 1222.483765
-847.449280 1224.297119
-845.966431 1227.751953
-842.210022 1227.907349
-840.148193 1230.530151
-838.078674 1233.150024
-836.001038 1235.766846
-832.798523 1236.721924
-831.265320 1240.161621
-830.830261 1245.264404
-828.716736 1247.872681
-824.940491 1247.975586
-822.815369 1250.574951
-822.325256 1255.681519
-818.539429 1255.765991
-815.299744 1256.679932
-815.313232 1262.627075
-813.681335 1266.057617
-812.036743 1269.487793
-807.694275 1268.700195
-806.033203 1272.124512
-803.292297 1273.857056
-801.608948 1277.279053
-797.793457 1277.308350
-797.146729 1282.424194
-794.375061 1284.142822
-791.597595 1285.857178
-789.336182 1288.419189
-787.065063 1290.979370
-786.858521 1296.956909
-782.492676 1296.092896
-781.736206 1301.217651
-778.906006 1302.913818
-775.558167 1303.745972
-772.716797 1305.432129
-770.883789 1308.837158
-770.553467 1314.830322
-766.167542 1313.919189
-765.299194 1319.051758
-759.909241 1316.394287
-760.009888 1323.260010
-756.111450 1323.188354
-755.673340 1329.193237
-752.255005 1329.981934
-750.795044 1334.250244
-748.339355 1336.775269
-744.412964 1336.677124
-740.971436 1337.444702
-740.905273 1344.336426
-737.923950 1345.975098
-736.850525 1351.121094
-732.892822 1350.997192
-731.309753 1355.264648
-726.869873 1354.247314
-725.730713 1359.394043
-723.161194 1361.895142
-724.316040 1371.467529
-718.917175 1368.660278
-715.382446 1369.382935
-714.609924 1375.423096
-712.432617 1378.804077
-709.325073 1380.405273
-707.119690 1383.782593
-704.898193 1387.159424
-700.856445 1386.965210
-698.610718 1390.336670
-699.030457 1399.074341
-694.070374 1397.076660
-692.661377 1402.238647
-687.701050 1400.222900
-688.014282 1408.977295
-685.229248 1411.445557
-682.431580 1413.910889
-680.486694 1418.176147
-676.368286 1417.929565
-673.963379 1421.287842
-671.115356 1423.740601
-669.103149 1428.000977
-665.803284 1429.542725
-662.914978 1431.986450
-660.013672 1434.426636
-658.347351 1439.591919
-655.000244 1441.117920
-652.056091 1443.549683
-651.146606 1450.539551
-646.943665 1450.229248
-644.766785 1454.480591
-641.359009 1455.986694
-639.145081 1460.234985
-636.111938 1462.649658
-633.858948 1466.896118
-629.611389 1466.547852
-628.110046 1472.629028
-625.407593 1475.951050
-622.687439 1479.270874
-620.335388 1483.511108
-617.193970 1485.903687
-614.420593 1489.216431
-612.008545 1493.451782
-609.197266 1496.760498
-606.368042 1500.066284
-603.148376 1502.441284
-600.285400 1505.740723
-597.404541 1509.037354
-594.871399 1513.261719
-591.588562 1515.621582
-587.930725 1517.044312
-585.341064 1521.260254
-582.015076 1523.606445
-580.448303 1530.622681
-577.435974 1533.898926
-571.604980 1529.677856
-569.617615 1535.753052
-567.943665 1542.768066
-564.517151 1545.089722
-563.122070 1553.046753
-560.331482 1557.244507
-555.500183 1555.789307
-552.009338 1558.092285
-549.499695 1563.219727
-546.632935 1567.402100
-542.435120 1567.801514
-539.856018 1572.921143
-537.249146 1578.039673
-534.614380 1583.156860
-530.998657 1585.427734
-526.738770 1585.794434
-524.664551 1592.800171
-521.310852 1596.005249
-517.630310 1598.253784
-514.241821 1601.448120
-511.441376 1606.542969
-506.807007 1605.913818
-505.457275 1615.771606
-501.390015 1617.038330
-497.901215 1620.208496
-494.102478 1622.416504
-491.445496 1628.446655
-488.182404 1632.559326
-485.464050 1638.585205
-481.585846 1640.771484
-478.531555 1645.831055
-474.895233 1648.965332
-471.514648 1653.055054
-467.294922 1654.252686
-464.413452 1660.256592
-459.896942 1660.475708
-456.434540 1664.541870
-453.996460 1672.462769
-450.477142 1676.520752
-446.934235 1680.573242
-442.349701 1680.751831
-439.021759 1685.757935
-435.665283 1690.759277
-432.033264 1694.787109
-429.355804 1702.687378
-425.182800 1704.765015
-420.996399 1706.833740
-417.270569 1710.836426
-414.693390 1719.693481
-409.516541 1717.849487
-405.722992 1721.831909
-402.132813 1726.781006
-398.962585 1733.673584
-393.536713 1730.811401
-390.314880 1737.690918
-386.621155 1742.613770
-382.685089 1746.553833
-379.360077 1753.418335
-375.578674 1758.322510
-370.737427 1758.327759
-367.116028 1764.194946
-363.662292 1771.035522
-358.581482 1770.030762
-355.267273 1777.837891
-351.329102 1782.697510
-347.553589 1788.531006
-342.803986 1789.447632
-338.789215 1794.282715
-334.380585 1797.143921
-330.495300 1802.945923
-326.221436 1806.772949
-322.450043 1813.544312
-318.122894 1817.353882
-313.263855 1818.197876
-309.902313 1827.902710
-304.841644 1827.739868
-301.236389 1836.444702
-295.990173 1835.271851
-291.687500 1840.010620
-287.665039 1846.716431
-282.999481 1849.460205
-279.505859 1860.104370
-274.201721 1858.872070
-269.331970 1860.594238
-265.997528 1873.195068
-260.524353 1870.935181
-256.549133 1879.559082
-251.597473 1881.237183
-247.414154 1888.851807
-242.170288 1888.523315
-237.797821 1895.125854
-233.266098 1900.726563
-228.940475 1908.302734
-223.873550 1909.910767
-219.364777 1916.473267
-214.041595 1916.068726
-209.260635 1920.620361
-204.770126 1928.143799
-200.237152 1935.657349
-195.160858 1938.185913
-189.971848 1939.706055
-185.341721 1947.185547
-180.117111 1948.680176
-175.508347 1957.132813
-169.986069 1955.612671
-165.141922 1962.049194
-160.261292 1968.473633
-154.952316 1969.901611
-149.785812 1973.309814
-145.037292 1982.688843
-139.814957 1986.071167
-134.370621 1986.447266
-129.506104 1995.789185
-123.969276 1995.138672
-118.790863 2000.462646
-113.582352 2005.772949
-108.021202 2005.078979
-102.769386 2010.361450
-97.294678 2011.634766
-91.994621 2016.889404
-86.451027 2017.134644
-81.105820 2022.360596
-75.619507 2024.574585
-70.224228 2029.771973
-64.736366 2032.955933
-59.230549 2036.125000
-53.549107 2033.281372
-48.024567 2036.420044
-42.482445 2039.543945
-36.868793 2039.652954
-31.208523 2036.747192
-25.589281 2035.825439
-19.965324 2033.888428
-14.345033 2030.935791
-8.745328 2028.967529
-3.141040 2016.984131
2.406644 2012.985107
7.999111 2025.970825
13.602569 2029.940918
19.227562 2033.895508
24.873873 2037.834595
30.496588 2038.758179
36.070812 2036.666870
41.714710 2038.559692
47.206177 2033.438354
52.876411 2036.299927
58.331928 2031.148926
63.852833 2028.981934
69.463722 2029.798096
74.930557 2026.601440
80.418587 2024.389648
85.808586 2020.164673
90.993797 2011.929688
96.659866 2014.668945
102.188065 2014.396240
107.446571 2009.115479
112.731064 2004.819458
117.990921 2000.509888
123.102692 1994.190430
128.371582 1990.852051
133.553757 1986.502319
138.920334 1985.131714
143.987839 1979.757324
149.099594 1975.367676
154.108032 1969.968018
159.246857 1966.549438
164.365479 1963.117798
169.291428 1957.680542
174.363846 1954.223267
179.507339 1951.749268
184.352722 1946.275146
189.166550 1940.789551
194.347656 1939.272705
199.313675 1935.752686
203.943466 1929.236938
208.751541 1924.699341
213.201630 1917.168457
218.174881 1914.596069
222.900375 1910.024414
227.954758 1908.420898
232.513428 1902.833618
237.783493 1903.190063
241.786804 1893.612915
246.253647 1887.995117
250.555939 1881.376099
255.897690 1882.675415
260.557526 1879.007568
265.055267 1874.338623
269.240295 1867.680176
273.387177 1861.013428
277.791809 1856.316650
282.922180 1856.553345
286.365051 1845.906372
291.463776 1846.120605
295.609833 1840.397217
300.367615 1838.613647
304.130188 1830.899414
309.014526 1830.081421
313.384583 1826.294312
317.388306 1820.527588
321.010132 1812.783936
325.472992 1809.956055
329.559143 1805.150513
334.528015 1805.253296
337.462006 1794.532959
342.397858 1794.615601
346.571472 1790.758789
350.336884 1784.930908
355.044708 1784.000366
358.755981 1778.157227
361.431915 1767.409546
366.686523 1769.390747
370.099396 1762.549683
374.097656 1758.638428
377.440643 1751.786621
382.450500 1752.746704
386.167999 1747.835205
390.511871 1745.845093
393.959137 1739.944214
396.926025 1732.089111
401.430573 1731.050781
404.784607 1725.134155
408.797852 1722.132202
412.325653 1717.177368
416.532837 1715.132690
420.964935 1714.050171
423.701538 1706.164063
428.342621 1706.035767
429.535828 1692.326782
434.383301 1693.153931
438.478973 1691.064819
441.293457 1684.130737
446.629059 1686.861816
448.099335 1675.087646
453.158844 1676.833618
457.434418 1675.672363
460.371887 1669.681641
463.812531 1665.615356
466.958710 1660.581299
470.895844 1658.429565
474.543457 1655.308960
477.616333 1650.261108
480.660889 1645.210449
483.959595 1641.115479
488.375824 1640.849976
489.623444 1630.039551
495.164948 1633.589966
498.966339 1631.387085
503.048798 1630.133057
504.149261 1619.322510
507.589966 1616.151001
511.314117 1613.927734
515.328491 1612.650513
518.413391 1608.509888
519.929382 1599.610474
526.070190 1604.969482
526.586060 1593.219238
529.570251 1589.067871
532.849487 1585.861450
536.431152 1583.597900
540.321899 1582.274414
542.901245 1577.161377
545.780762 1572.992432
549.297119 1570.708374
551.469910 1564.646484
555.284058 1563.296875
558.414673 1560.057373
562.544800 1559.635864
564.620605 1553.566650
567.695801 1550.315918
570.406494 1546.123291
574.487854 1545.678345
578.213745 1544.288330
579.812805 1537.277588
582.796143 1534.009888
586.476013 1532.606812
588.348450 1526.531738
591.274719 1523.255371
595.275085 1522.770264
597.805420 1518.555054
599.576050 1512.479492
601.686157 1507.335327
606.379822 1508.686768
608.826721 1504.465210
610.873901 1499.316772
614.791931 1498.795410
616.415039 1492.720581
619.542603 1490.342163
622.270691 1487.037231
626.921875 1488.338257
627.673401 1480.421265
631.133179 1478.949585
633.399902 1474.715576
636.438354 1472.317505
638.266541 1467.164673
640.069031 1462.013916
644.264221 1462.355713
647.648499 1460.860107
651.023865 1459.359009
652.752075 1454.203369
654.042969 1448.138672
658.200012 1448.451050
659.446045 1442.388306
664.005371 1443.597656
666.468506 1440.258789
667.648560 1434.198730
671.343689 1433.577026
673.755859 1430.234497
676.151062 1426.890869
678.529358 1423.546143
682.620117 1423.807251
682.801208 1415.953125
686.436401 1415.305664
687.875061 1410.157959
693.693359 1413.990967
693.332947 1405.252563
696.487793 1403.691650
700.080627 1403.020752
703.220703 1401.449585
705.451355 1398.088135
706.760803 1392.942627
710.318542 1392.254395
712.502625 1388.890503
713.753662 1383.748779
716.362000 1381.273804
718.496155 1377.909912
722.935730 1378.973755
724.581482 1374.719360
726.675842 1371.350464
729.224670 1368.863892
732.233643 1367.256470
734.760925 1364.764404
736.800476 1361.390625
739.780457 1359.773682
743.232422 1359.029907
744.271973 1353.897949
745.288513 1348.770386
748.709961 1348.018066
750.665405 1344.640015
753.584595 1343.006226
755.022461 1338.755127
758.414246 1337.986206
760.317383 1334.604248
763.199585 1332.958252
764.578247 1328.707764
765.938599 1324.459595
771.802917 1327.995117
770.117493 1318.561157
774.465881 1319.491455
776.786316 1316.965698
777.566528 1311.857544
780.372070 1310.190430
782.143860 1306.803345
785.447632 1305.987183
787.196899 1302.597290
790.489258 1301.771973
791.695435 1297.525635
793.406860 1294.134399
795.104614 1290.743530
799.420288 1291.604492
797.931641 1283.113647
804.886047 1288.205444
803.888062 1280.571045
809.793823 1283.943848
810.362671 1278.851929
813.596252 1277.982666
815.211243 1274.579590
817.894531 1272.859375
820.572144 1271.134888
823.244141 1269.406006
824.818604 1265.996948
825.833008 1261.751587
827.380920 1258.344116
829.467590 1255.771240
833.204224 1255.695923
831.951050 1248.122925
837.901245 1251.363281
838.844238 1247.117432
840.891907 1244.531128
845.177368 1245.252075
843.835388 1237.698975
848.114990 1238.407959
849.566650 1234.985718
852.143921 1233.208862
855.287048 1232.248413
857.285645 1229.639893
858.129395 1225.390625
862.986084 1226.868652
863.813354 1222.614868
865.205444 1219.178711
867.167175 1216.556030
870.286316 1215.556519
871.654114 1212.113647
871.840576 1207.048828
877.882324 1210.082031
