-1485.291992 2725.000000
-1474.951050 2726.000000
-1458.236816 2715.000000
-1419.826294 2663.000000
-309.616669 585.000000
-1.050753 2.000000
-770.623718 1568.000000
-1342.437134 2752.000000
-1333.854248 2755.000000
-1292.622803 2690.000000
-1063.526733 2230.000000
-835.416443 1765.000000
-801.387268 1706.000000
-790.650330 1696.000000
-786.951050 1701.000000
-781.865601 1703.000000
-775.881042 1703.000000
-769.921997 1703.000000
-760.399109 1695.000000
-757.633545 1702.000000
-749.101746 1696.000000
-745.455627 1701.000000
-740.494141 1703.000000
-737.267517 1709.000000
-727.602600 1700.000000
-720.993286 1698.000000
-716.946899 1702.000000
-710.805542 1701.000000
-704.692383 1700.000000
-699.840393 1702.000000
-693.364197 1700.000000
-688.135315 1701.000000
-684.926331 1707.000000
-677.718079 1703.000000
-671.739807 1702.000000
-665.396118 1700.000000
-660.637146 1702.000000
-653.574585 1698.000000
-649.610107 1702.000000
-642.232239 1697.000000
-637.156250 1698.000000
-633.208008 1702.000000
-627.039001 1700.000000
-622.362976 1702.000000
-616.604309 1701.000000
-612.306641 1704.000000
-605.513916 1700.000000
-601.234619 1703.000000
-595.903442 1703.000000
-590.588928 1703.000000
-585.290833 1703.000000
-578.987305 1700.000000
-574.405762 1702.000000
-570.496765 1706.000000
-564.590881 1704.000000
-558.056274 1700.000000
-554.163391 1704.000000
-548.006287 1701.000000
-543.477966 1703.000000
-537.688232 1701.000000
-532.238586 1700.000000
-528.359863 1704.000000
-523.550415 1705.000000
-517.837158 1703.000000
-512.150024 1701.000000
-508.575897 1706.000000
-502.624664 1703.000000
-496.705017 1700.000000
-492.841400 1704.000000
-487.536255 1703.000000
-482.250336 1702.000000
-475.861908 1697.000000
-472.290588 1702.000000
-466.780975 1700.000000
-462.654175 1703.000000
-458.253784 1705.000000
-453.056732 1704.000000
-447.614868 1702.000000
-443.237091 1704.000000
-437.831085 1702.000000
-432.448395 1700.000000
-427.843597 1701.000000
-423.742096 1704.000000
-418.897522 1704.000000
-412.849396 1699.000000
-409.242523 1704.000000
-404.906525 1706.000000
-399.866699 1705.000000
-394.611603 1703.000000
-390.065216 1704.000000
-384.845490 1702.000000
-380.764069 1705.000000
-376.455688 1707.000000
-370.622070 1702.000000
-366.116211 1703.000000
-361.402496 1703.000000
-356.489166 1702.000000
-352.417816 1705.000000
-347.931641 1706.000000
-343.046967 1705.000000
-338.375519 1705.000000
-334.300476 1708.000000
-329.253021 1706.000000
-324.035187 1703.000000
-319.967651 1706.000000
-315.153168 1705.000000
-310.534821 1705.000000
-306.104218 1706.000000
-301.499786 1706.000000
-296.381409 1703.000000
-291.801239 1703.000000
-287.060303 1702.000000
-282.996307 1705.000000
-278.270721 1704.000000
-273.879272 1705.000000
-269.173889 1704.000000
-264.947021 1706.000000
-260.563934 1707.000000
-255.732727 1705.000000
-251.360977 1706.000000
-246.701401 1705.000000
-242.053680 1704.000000
-237.696564 1705.000000
-232.793503 1702.000000
-228.717377 1705.000000
-224.368652 1706.000000
-219.762787 1705.000000
-215.294464 1705.000000
-210.460983 1702.000000
-206.496109 1706.000000
-202.160675 1707.000000
-197.130463 1702.000000
-193.037430 1705.000000
-188.159607 1701.000000
-184.063858 1704.000000
-179.430313 1702.000000
-175.017578 1702.000000
-170.709869 1703.000000
-166.499390 1705.000000
-162.282928 1707.000000
-157.783112 1706.000000
-153.382553 1706.000000
-148.724213 1703.000000
-144.424393 1704.000000
-139.876740 1702.000000
-135.582062 1703.000000
-131.208862 1703.000000
-127.137093 1707.000000
-122.760658 1707.000000
-118.248894 1705.000000
-113.950981 1706.000000
-109.843750 1710.000000
-105.164024 1705.000000
-100.926483 1707.000000
-96.625076 1708.000000
-92.267105 1708.000000
-87.860329 1707.000000
-83.412071 1705.000000
-79.254501 1709.000000
-74.815872 1707.000000
-70.430954 1706.000000
-66.053009 1705.000000
-61.863014 1709.000000
-57.452515 1707.000000
-53.116035 1707.000000
-48.752483 1706.000000
-44.421619 1706.000000
-40.138901 1708.000000
-35.784397 1707.000000
-31.417685 1705.000000
-27.125622 1707.000000
-22.797745 1707.000000
-18.459570 1706.000000
-14.127196 1705.000000
-9.817667 1707.000000
-5.485652 1705.000000
-1.167293 1708.000000
3.152898 1704.000000
7.474840 1705.000000
11.794729 1705.000000
16.096128 1703.000000
20.447319 1706.000000
24.727015 1703.000000
29.094351 1706.000000
33.418648 1706.000000
37.721653 1705.000000
42.094196 1707.000000
46.396336 1706.000000
50.694344 1705.000000
55.149876 1709.000000
59.348396 1705.000000
63.752033 1707.000000
67.967873 1704.000000
72.254974 1703.000000
76.358795 1698.000000
77.635704 1634.000000
70.479858 1408.000000
71.591141 1361.000000
75.001770 1360.000000
78.466660 1360.000000
82.054131 1362.000000
85.465225 1361.000000
88.938751 1361.000000
92.346527 1360.000000
95.821884 1360.000000
99.299667 1360.000000
102.855347 1361.000000
106.262627 1360.000000
109.586571 1358.000000
113.152786 1359.000000
116.984360 1363.000000
120.485985 1363.000000
123.808495 1361.000000
127.404587 1362.000000
130.912857 1362.000000
134.325699 1361.000000
137.736694 1360.000000
141.353836 1361.000000
145.086166 1363.000000
148.396194 1361.000000
152.258072 1364.000000
155.796432 1364.000000
159.338898 1364.000000
162.765915 1363.000000
166.191910 1362.000000
169.990829 1364.000000
173.295578 1362.000000
176.983887 1363.000000
180.814346 1365.000000
184.795166 1368.000000
187.970093 1365.000000
242.665771 1367.000000
246.160904 1366.000000
250.022690 1367.000000
254.267838 1370.000000
256.841156 1364.000000
261.298828 1368.000000
265.591339 1371.000000
268.532166 1367.000000
272.055847 1366.000000
275.783173 1366.000000
279.722473 1367.000000
284.089386 1370.000000
287.429932 1368.000000
290.979797 1367.000000
295.178986 1369.000000
298.741974 1368.000000
302.749420 1369.000000
306.546844 1369.000000
310.352570 1369.000000
314.625549 1371.000000
318.453552 1371.000000
322.055054 1370.000000
326.373413 1372.000000
329.508240 1369.000000
333.852692 1371.000000
337.971191 1372.000000
341.606201 1371.000000
345.748627 1372.000000
349.651367 1372.000000
353.306000 1371.000000
356.703918 1369.000000
360.890442 1370.000000
365.625122 1373.000000
369.041138 1371.000000
372.999817 1371.000000
377.793884 1374.000000
381.503906 1373.000000
385.499664 1373.000000
390.072968 1375.000000
393.235870 1372.000000
397.839996 1374.000000
401.296692 1372.000000
405.934357 1374.000000
409.401520 1372.000000
414.375092 1375.000000
417.551880 1372.000000
421.337006 1371.000000
426.679474 1375.000000
430.804657 1375.000000
434.625153 1374.000000
438.771362 1374.000000
442.607391 1373.000000
447.425964 1375.000000
451.612244 1375.000000
456.142761 1376.000000
461.026764 1378.000000
465.260742 1378.000000
469.167328 1377.000000
473.424347 1377.000000
477.695160 1377.000000
481.629059 1376.000000
486.983154 1379.000000
592.846436 1353.000000
599.263977 1357.000000
598.162231 1344.000000
605.960327 1351.000000
631.906677 1398.000000
641.803894 1409.000000
625.635071 1363.000000
623.502441 1348.000000
638.529785 1370.000000
661.249207 1408.000000
