-1486.927246 2728.000000
-1471.704712 2720.000000
-1442.123779 2685.000000
-949.039001 1780.000000
-3.704815 7.000000
-119.427017 243.000000
-1339.998047 2747.000000
-1332.885986 2753.000000
-1291.181274 2687.000000
-1044.926880 2191.000000
-799.917114 1690.000000
-760.989075 1620.000000
-753.821655 1617.000000
-749.014526 1619.000000
-744.218506 1621.000000
-738.066528 1620.000000
-734.658386 1625.000000
-725.407288 1617.000000
-722.912415 1624.000000
-713.766724 1616.000000
-711.272461 1623.000000
-704.839111 1621.000000
-701.892456 1627.000000
-692.934448 1619.000000
-689.571899 1624.000000
-686.196533 1629.000000
-678.629150 1624.000000
-673.603027 1625.000000
-668.590149 1626.000000
-662.366699 1624.000000
-656.580627 1623.000000
-651.221741 1623.000000
-647.075562 1626.000000
-641.744385 1626.000000
-637.606018 1629.000000
-632.301941 1629.000000
-626.246094 1627.000000
-621.747864 1629.000000
-615.740662 1627.000000
-612.015259 1631.000000
-606.421265 1630.000000
-602.326294 1633.000000
-597.132080 1633.000000
-591.592102 1632.000000
-586.434570 1632.000000
-580.937134 1631.000000
-576.521484 1633.000000
-572.109314 1635.000000
-565.966553 1632.000000
-562.607849 1637.000000
-556.508972 1634.000000
-552.469055 1637.000000
-546.753906 1635.000000
-541.066223 1633.000000
-535.734070 1632.000000
-531.073242 1633.000000
-526.098877 1633.000000
-521.138916 1633.000000
-515.877258 1632.000000
-512.827515 1638.000000
-507.275085 1636.000000
-502.362732 1636.000000
-498.680542 1640.000000
-493.181488 1638.000000
-488.602539 1639.000000
-483.735657 1639.000000
-478.297699 1637.000000
-474.620148 1641.000000
-468.927979 1638.000000
-463.833008 1637.000000
-458.195831 1634.000000
-455.086090 1640.000000
-449.208038 1636.000000
-444.995605 1638.000000
-441.321259 1642.000000
-435.508759 1638.000000
-430.783264 1638.000000
-425.809357 1637.000000
-421.110168 1637.000000
-415.913605 1635.000000
-411.242981 1635.000000
-408.324249 1642.000000
-403.164276 1640.000000
-396.811707 1633.000000
-392.911255 1636.000000
-388.767242 1638.000000
-383.918915 1637.000000
-379.318359 1637.000000
-374.728149 1637.000000
-369.469757 1634.000000
-366.471466 1641.000000
-361.459198 1639.000000
-356.250122 1636.000000
-351.927307 1637.000000
-346.971863 1635.000000
-342.874725 1637.000000
-338.155731 1636.000000
-334.471222 1640.000000
-331.578552 1648.000000
-326.864777 1647.000000
-322.752625 1649.000000
-317.866180 1647.000000
-312.809082 1644.000000
-308.339294 1644.000000
-304.062714 1645.000000
-299.060516 1642.000000
-295.338531 1646.000000
-291.249512 1648.000000
-286.113342 1644.000000
-281.520508 1643.000000
-277.277985 1644.000000
-273.203461 1646.000000
-268.799072 1646.000000
-264.080688 1644.000000
-259.537964 1643.000000
-255.473526 1645.000000
-251.405289 1647.000000
-246.583344 1644.000000
-242.225937 1644.000000
-237.730438 1643.000000
-233.388611 1643.000000
-228.774231 1641.000000
-224.176590 1639.000000
-219.863800 1639.000000
-215.688507 1640.000000
-211.384735 1640.000000
-206.834213 1638.000000
-202.423401 1637.000000
-198.628433 1641.000000
-194.462708 1642.000000
-190.181091 1642.000000
-187.263290 1654.000000
-183.403061 1658.000000
-179.311035 1660.000000
-174.897110 1659.000000
-170.801529 1661.000000
-166.499771 1661.000000
-162.495590 1664.000000
-158.099884 1663.000000
-153.898651 1664.000000
-149.516525 1663.000000
-145.143646 1662.000000
-141.203659 1666.000000
-136.507217 1661.000000
-132.397522 1663.000000
-128.127029 1663.000000
-123.785500 1662.000000
-119.524437 1662.000000
-115.336021 1663.000000
-111.078827 1663.000000
-106.888885 1664.000000
-102.573471 1663.000000
-98.324982 1663.000000
-94.022758 1662.000000
-89.728142 1661.000000
-85.647095 1664.000000
-81.259506 1661.000000
-77.214005 1665.000000
-72.887405 1663.000000
-68.573166 1661.000000
-64.348412 1661.000000
-60.234085 1664.000000
-56.005264 1664.000000
-51.746906 1663.000000
-47.409363 1659.000000
-43.301968 1663.000000
-39.034378 1661.000000
-34.882973 1664.000000
-30.625332 1662.000000
-26.394644 1661.000000
-22.196751 1662.000000
-17.961832 1660.000000
-13.762624 1661.000000
-9.547351 1660.000000
-5.334435 1658.000000
-1.137222 1664.000000
3.067784 1658.000000
7.273173 1659.000000
11.469596 1658.000000
15.661353 1657.000000
19.848042 1656.000000
24.015551 1654.000000
28.275753 1658.000000
32.693859 1669.000000
36.593323 1654.000000
40.811890 1655.000000
44.927750 1652.000000
49.059040 1650.000000
53.375011 1654.000000
57.468739 1651.000000
61.697926 1652.000000
65.774078 1649.000000
69.921432 1648.000000
73.930420 1644.000000
78.110832 1644.000000
82.093018 1640.000000
86.109253 1637.000000
90.388168 1639.000000
94.448471 1637.000000
98.742081 1639.000000
102.608505 1634.000000
106.713432 1633.000000
110.883736 1633.000000
114.563522 1626.000000
118.648499 1625.000000
122.428848 1620.000000
124.702316 1596.000000
124.838310 1547.000000
122.727890 1474.000000
81.108017 945.000000
57.635262 652.000000
56.855480 625.000000
108.817932 613.000000
112.087906 622.000000
8.413345 46.000000
117.122589 622.000000
121.462997 627.000000
121.399323 618.000000
123.879013 622.000000
98.724724 489.000000
127.276794 622.000000
130.017548 627.000000
131.528610 626.000000
132.611847 623.000000
134.760315 625.000000
136.486649 625.000000
137.553055 622.000000
139.726242 624.000000
141.007523 622.000000
143.428864 625.000000
145.173935 625.000000
147.158005 626.000000
149.151703 627.000000
150.192215 624.000000
152.924500 628.000000
154.698181 628.000000
155.977753 626.000000
158.006119 627.000000
160.044510 628.000000
161.835281 628.000000
163.109314 626.000000
164.639801 625.000000
166.967911 627.000000
168.235382 625.000000
170.312088 626.000000
172.124435 626.000000
174.219193 627.000000
176.043915 627.000000
178.440659 629.000000
179.421036 626.000000
181.836624 628.000000
183.391418 627.000000
185.536224 628.000000
186.498505 625.000000
189.557770 629.000000
190.819992 627.000000
192.075592 625.000000
194.876144 628.000000
196.760239 628.000000
198.965958 629.000000
200.225357 627.000000
202.122955 627.000000
204.351639 628.000000
206.263626 628.000000
208.181442 628.000000
210.774216 630.000000
212.034653 628.000000
214.311005 629.000000
216.255554 629.000000
217.859528 628.000000
219.813263 628.000000
222.126480 629.000000
276.048248 630.000000
278.655548 631.000000
279.943512 629.000000
282.123657 629.000000
285.216827 631.000000
286.511475 629.000000
289.637360 631.000000
292.324585 632.000000
293.630493 630.000000
295.871460 630.000000
