-1487.472290 2729.000000
-1473.869019 2724.000000
-1461.459473 2721.000000
-1426.757446 2676.000000
-305.382599 577.000000
-2.626884 5.000000
-788.316650 1604.000000
-1343.900513 2755.000000
-1333.370117 2754.000000
-1293.583862 2692.000000
-1063.526733 2230.000000
-837.309692 1769.000000
-801.857056 1707.000000
-793.447388 1702.000000
-788.338928 1704.000000
-783.702026 1707.000000
-776.792236 1705.000000
-770.826233 1705.000000
-763.090759 1701.000000
-758.968994 1705.000000
-750.868469 1700.000000
-748.523376 1708.000000
-739.624451 1701.000000
-735.973328 1706.000000
-728.458618 1702.000000
-723.116333 1703.000000
-718.631836 1706.000000
-712.059143 1704.000000
-704.692383 1700.000000
-700.662781 1704.000000
-694.179871 1702.000000
-688.135315 1701.000000
-684.123840 1705.000000
-676.922180 1701.000000
-672.923889 1705.000000
-665.787476 1701.000000
-662.189758 1706.000000
-654.729309 1701.000000
-651.518494 1707.000000
-643.367615 1700.000000
-639.782959 1705.000000
-634.324097 1705.000000
-626.670166 1699.000000
-622.728699 1703.000000
-617.329285 1703.000000
-611.588013 1702.000000
-605.513916 1700.000000
-602.293762 1706.000000
-596.603271 1705.000000
-590.242126 1702.000000
-585.978210 1705.000000
-579.668457 1702.000000
-575.080750 1704.000000
-571.165588 1708.000000
-564.259521 1703.000000
-558.712830 1702.000000
-553.513000 1702.000000
-548.650574 1703.000000
-543.158875 1702.000000
-537.688232 1701.000000
-533.803955 1705.000000
-528.979980 1706.000000
-523.857483 1706.000000
-518.141235 1704.000000
-512.752197 1703.000000
-508.874023 1707.000000
-502.919800 1704.000000
-497.581543 1703.000000
-493.419830 1706.000000
-488.108795 1705.000000
-483.383698 1706.000000
-476.983551 1701.000000
-473.123047 1705.000000
-467.879272 1704.000000
-464.284180 1709.000000
-459.866425 1711.000000
-453.056732 1704.000000
-447.614868 1702.000000
-444.017456 1707.000000
-438.860077 1706.000000
-433.465912 1704.000000
-428.346649 1703.000000
-425.234131 1710.000000
-419.143341 1705.000000
-413.578400 1702.000000
-409.722870 1706.000000
-405.381226 1708.000000
-400.335724 1707.000000
-395.075012 1705.000000
-390.980865 1708.000000
-385.749939 1706.000000
-381.210724 1707.000000
-376.676208 1708.000000
-371.710876 1707.000000
-367.191132 1708.000000
-362.039154 1706.000000
-357.536438 1707.000000
-352.831207 1707.000000
-347.727692 1705.000000
-344.052979 1710.000000
-338.970886 1708.000000
-334.496216 1709.000000
-330.217987 1711.000000
-324.986542 1708.000000
-320.155212 1707.000000
-315.522858 1707.000000
-311.081238 1708.000000
-306.821930 1710.000000
-302.383423 1711.000000
-296.729492 1705.000000
-291.972565 1704.000000
-288.240906 1709.000000
-283.162262 1706.000000
-278.923950 1708.000000
-273.879272 1705.000000
-269.805756 1708.000000
-265.412933 1709.000000
-260.869232 1709.000000
-255.882721 1706.000000
-251.508316 1707.000000
-246.990784 1707.000000
-242.195724 1705.000000
-237.696564 1705.000000
-233.067047 1704.000000
-228.717377 1705.000000
-224.500168 1707.000000
-220.020584 1707.000000
-215.420731 1706.000000
-210.831955 1705.000000
-206.738190 1708.000000
-202.160675 1707.000000
-197.477936 1705.000000
-193.377090 1708.000000
-188.380829 1703.000000
-184.171875 1705.000000
-179.641159 1704.000000
-175.326065 1705.000000
-170.910355 1705.000000
-166.597046 1706.000000
-162.378006 1708.000000
-157.875610 1707.000000
-153.472458 1707.000000
-148.811539 1704.000000
-144.678665 1707.000000
-140.123291 1705.000000
-135.900528 1707.000000
-131.362946 1705.000000
-127.137093 1707.000000
-122.760658 1707.000000
-118.387604 1707.000000
-114.084572 1708.000000
-109.715271 1708.000000
-105.287384 1707.000000
-100.985611 1708.000000
-96.738220 1710.000000
-92.213081 1707.000000
-88.066216 1711.000000
-83.509918 1707.000000
-79.254501 1709.000000
-74.772049 1706.000000
-70.472244 1707.000000
-66.169228 1708.000000
-61.826813 1708.000000
-57.519829 1709.000000
-53.147152 1708.000000
-48.752483 1706.000000
-44.421619 1706.000000
-40.185902 1710.000000
-35.847286 1710.000000
-31.472963 1708.000000
-27.141512 1708.000000
-22.797745 1707.000000
-18.427109 1703.000000
-14.143767 1707.000000
-9.823419 1708.000000
-5.488870 1706.000000
-1.168660 1710.000000
3.154748 1705.000000
7.479224 1706.000000
11.787812 1704.000000
16.124483 1706.000000
20.447319 1706.000000
24.741535 1704.000000
29.145514 1709.000000
33.418648 1706.000000
37.721653 1705.000000
42.094196 1707.000000
46.396336 1706.000000
50.724075 1706.000000
55.117603 1708.000000
59.383205 1706.000000
63.789383 1708.000000
67.967873 1704.000000
71.194275 1678.000000
67.454765 1500.000000
68.608299 1444.000000
71.931503 1437.000000
75.588882 1437.000000
79.413643 1440.000000
83.082344 1440.000000
86.813507 1441.000000
90.488899 1441.000000
94.101250 1440.000000
97.710770 1439.000000
101.388008 1439.000000
105.067810 1439.000000
108.825645 1440.000000
112.435234 1439.000000
116.042336 1438.000000
119.813728 1439.000000
123.850647 1443.000000
127.469398 1442.000000
130.995026 1440.000000
134.887970 1442.000000
138.602310 1442.000000
142.122696 1440.000000
145.838852 1440.000000
149.662659 1441.000000
153.495407 1442.000000
157.009933 1440.000000
161.076538 1443.000000
164.819839 1443.000000
168.567459 1443.000000
172.319305 1443.000000
175.831528 1441.000000
179.836349 1443.000000
183.347229 1441.000000
187.241928 1442.000000
191.279068 1444.000000
195.331726 1446.000000
198.848938 1444.000000
256.689606 1446.000000
260.397156 1445.000000
264.288788 1445.000000
268.929993 1449.000000
271.905151 1444.000000
276.388458 1447.000000
280.895294 1450.000000
284.247284 1447.000000
287.789673 1445.000000
291.732574 1445.000000
296.092468 1447.000000
300.678528 1450.000000
304.028595 1447.000000
307.795746 1446.000000
312.212708 1448.000000
315.775513 1446.000000
320.219971 1448.000000
324.236542 1448.000000
328.488586 1449.000000
332.525482 1449.000000
336.803528 1450.000000
340.626129 1449.000000
344.928162 1450.000000
348.522980 1448.000000
353.577026 1452.000000
357.431641 1451.000000
361.290314 1450.000000
365.656891 1451.000000
370.039215 1452.000000
373.664246 1450.000000
377.548553 1449.000000
381.700897 1449.000000
386.662537 1452.000000
390.306061 1450.000000
394.492859 1450.000000
399.240692 1452.000000
403.454956 1452.000000
407.961395 1453.000000
412.484436 1454.000000
416.165070 1452.000000
421.003876 1454.000000
424.695892 1452.000000
429.569550 1454.000000
432.974945 1451.000000
438.182831 1454.000000
441.898926 1452.000000
445.615356 1450.000000
451.504456 1455.000000
456.182953 1456.000000
459.930847 1454.000000
464.318451 1454.000000
468.074219 1452.000000
473.458008 1455.000000
477.230957 1453.000000
481.999695 1454.000000
486.788055 1455.000000
491.933899 1457.000000
495.743256 1455.000000
500.241394 1455.000000
504.754150 1455.000000
508.930695 1454.000000
514.175110 1456.000000
616.507751 1407.000000
622.227661 1409.000000
625.310974 1405.000000
631.077881 1407.000000
18.984322 42.000000
635.882324 1396.000000
641.700562 1398.000000
648.016968 1401.000000
649.249634 1393.000000
651.856445 1388.000000
