-1482.566650 2720.000000
-1471.163574 2719.000000
-1456.625488 2712.000000
-1407.030273 2639.000000
-165.658157 313.000000
-648.739380 1320.000000
-1339.022461 2745.000000
-1330.949341 2749.000000
-1291.661743 2688.000000
-1060.665283 2224.000000
-830.209839 1754.000000
-796.220093 1695.000000
-785.522278 1685.000000
-782.324646 1691.000000
-777.733582 1694.000000
-770.413879 1691.000000
-764.496826 1691.000000
-755.912964 1685.000000
-753.182129 1692.000000
-744.684875 1686.000000
-741.511414 1692.000000
-733.971863 1688.000000
-730.796448 1694.000000
-722.466553 1688.000000
-716.322571 1687.000000
-712.313293 1691.000000
-706.208923 1690.000000
-699.718079 1688.000000
-695.728516 1692.000000
-688.877686 1689.000000
-682.471680 1687.000000
-677.703918 1689.000000
-673.340576 1692.000000
-667.003723 1690.000000
-661.873413 1691.000000
-656.755615 1692.000000
-650.495361 1690.000000
-646.175049 1693.000000
-638.447754 1687.000000
-633.779114 1689.000000
-629.115601 1691.000000
-623.719421 1691.000000
-617.243713 1688.000000
-612.979370 1691.000000
-608.713318 1694.000000
-602.664429 1692.000000
-597.351135 1692.000000
-592.404358 1693.000000
-586.427368 1691.000000
-582.541382 1695.000000
-576.943848 1694.000000
-571.368408 1693.000000
-566.818298 1695.000000
-560.614868 1692.000000
-555.101868 1691.000000
-549.610413 1690.000000
-545.106750 1692.000000
-539.648438 1691.000000
-534.527222 1691.000000
-530.046997 1693.000000
-525.569214 1695.000000
-519.558533 1692.000000
-515.100525 1694.000000
-509.440247 1692.000000
-505.594788 1696.000000
-500.263550 1695.000000
-494.367584 1692.000000
-489.949127 1694.000000
-484.387146 1692.000000
-479.983582 1694.000000
-474.459839 1692.000000
-470.348145 1695.000000
-464.584351 1692.000000
-460.752472 1696.000000
-455.834869 1696.000000
-449.866180 1692.000000
-445.247925 1693.000000
-440.896057 1695.000000
-436.030365 1695.000000
-430.667725 1693.000000
-425.328339 1691.000000
-421.503998 1695.000000
-416.193359 1693.000000
-411.148438 1692.000000
-407.561371 1697.000000
-402.533112 1696.000000
-397.286896 1694.000000
-392.526154 1694.000000
-388.462860 1697.000000
-383.036591 1694.000000
-378.530853 1695.000000
-374.029785 1696.000000
-369.097778 1695.000000
-364.611328 1696.000000
-359.492554 1694.000000
-355.232452 1696.000000
-350.144135 1694.000000
-346.096130 1697.000000
-341.638580 1698.000000
-336.787811 1697.000000
-332.930389 1701.000000
-328.095032 1700.000000
-322.513000 1695.000000
-318.092102 1696.000000
-313.674438 1697.000000
-309.259918 1698.000000
-305.027649 1700.000000
-300.085968 1698.000000
-295.337189 1697.000000
-290.601807 1696.000000
-286.048340 1696.000000
-281.668457 1697.000000
-277.127594 1697.000000
-272.433594 1696.000000
-268.542023 1700.000000
-263.859894 1699.000000
-259.342804 1699.000000
-254.532806 1697.000000
-250.476944 1700.000000
-245.543854 1697.000000
-241.059326 1697.000000
-236.581268 1697.000000
-231.972839 1696.000000
-227.644226 1697.000000
-223.448029 1699.000000
-218.731644 1697.000000
-214.284286 1697.000000
-209.719055 1696.000000
-205.890900 1701.000000
-201.213226 1699.000000
-196.435532 1696.000000
-192.244904 1698.000000
-187.385284 1694.000000
-183.091690 1695.000000
-178.586929 1694.000000
-174.297760 1695.000000
-169.907944 1695.000000
-165.815811 1698.000000
-161.617447 1700.000000
-157.505661 1703.000000
-153.292648 1705.000000
-148.462219 1700.000000
-144.509155 1705.000000
-139.794556 1701.000000
-135.582062 1703.000000
-131.054764 1701.000000
-126.913658 1704.000000
-122.544907 1704.000000
-118.110191 1703.000000
-113.817390 1704.000000
-109.458328 1704.000000
-105.102341 1704.000000
-100.867363 1706.000000
-96.342216 1703.000000
-92.105042 1705.000000
-87.911797 1708.000000
-83.265305 1702.000000
-79.254501 1709.000000
-74.640556 1703.000000
-70.307106 1703.000000
-65.936790 1702.000000
-61.718220 1705.000000
-57.385201 1705.000000
-53.053802 1705.000000
-48.609600 1701.000000
-44.317467 1702.000000
-39.997898 1702.000000
-35.784397 1707.000000
-31.399258 1704.000000
-27.062057 1703.000000
-22.744324 1703.000000
-18.427109 1703.000000
-14.085768 1700.000000
-9.788910 1702.000000
-5.472783 1701.000000
-1.165243 1705.000000
3.149197 1702.000000
7.466072 1703.000000
11.773976 1702.000000
16.077225 1701.000000
20.423347 1704.000000
24.654417 1698.000000
29.026134 1702.000000
33.379471 1704.000000
37.655281 1702.000000
42.044876 1705.000000
46.287552 1702.000000
50.545677 1700.000000
54.988522 1704.000000
59.278778 1703.000000
63.602646 1703.000000
67.848213 1701.000000
72.212547 1702.000000
76.493706 1701.000000
80.724030 1699.000000
84.996307 1698.000000
89.212761 1696.000000
93.807365 1701.000000
98.083321 1700.000000
102.296555 1698.000000
106.250671 1692.000000
109.784790 1680.000000
94.111977 1386.000000
78.700768 1117.000000
79.439728 1088.000000
82.223816 1088.000000
84.853836 1086.000000
87.556282 1085.000000
90.422318 1086.000000
93.553162 1090.000000
96.265030 1089.000000
98.974022 1088.000000
101.867538 1089.000000
104.672623 1089.000000
107.381599 1088.000000
110.088074 1087.000000
112.999985 1088.000000
115.813461 1088.000000
118.411659 1086.000000
121.560875 1089.000000
124.500084 1090.000000
127.214119 1089.000000
130.045547 1089.000000
132.636276 1087.000000
135.718491 1089.000000
138.432877 1088.000000
141.145615 1087.000000
144.121628 1088.000000
147.376846 1091.000000
149.962952 1089.000000
193.493546 1090.000000
196.063736 1088.000000
199.176819 1089.000000
202.857483 1093.000000
204.682068 1087.000000
208.580643 1092.000000
211.736923 1093.000000
213.922104 1089.000000
216.887863 1089.000000
219.859344 1089.000000
223.041336 1090.000000
226.649414 1093.000000
229.229584 1091.000000
232.017532 1090.000000
235.237610 1091.000000
238.251099 1091.000000
241.270721 1091.000000
244.297012 1091.000000
247.329910 1091.000000
251.057892 1094.000000
254.112457 1094.000000
256.938812 1093.000000
260.242371 1094.000000
262.836395 1092.000000
266.643829 1095.000000
269.736481 1095.000000
272.587311 1094.000000
275.943695 1095.000000
279.058502 1095.000000
281.923248 1094.000000
284.789917 1093.000000
287.922058 1093.000000
291.594666 1095.000000
294.479218 1094.000000
297.638062 1094.000000
301.355225 1096.000000
304.536255 1096.000000
307.725891 1096.000000
311.490997 1098.000000
313.843506 1095.000000
317.345428 1096.000000
320.569366 1096.000000
324.097504 1097.000000
326.148590 1093.000000
330.595978 1097.000000
332.945892 1094.000000
335.901794 1093.000000
340.412628 1097.000000
343.703796 1097.000000
347.004211 1097.000000
349.995209 1096.000000
353.312225 1096.000000
357.289978 1098.000000
360.304443 1097.000000
363.986023 1098.000000
367.683899 1099.000000
370.722992 1098.000000
374.107269 1098.000000
377.845581 1099.000000
380.907257 1098.000000
383.973145 1097.000000
388.456482 1100.000000
483.303497 1103.000000
487.978424 1105.000000
490.902496 1103.000000
494.277039 1102.000000
499.468475 1105.000000
502.419952 1103.000000
506.750641 1104.000000
511.105469 1105.000000
514.552490 1104.000000
518.479492 1104.000000
