-1490.742676 2735.000000
-1479.279663 2734.000000
-1463.070801 2724.000000
-1388.902588 2605.000000
-154.543716 292.000000
-1.050753 2.000000
-779.470154 1586.000000
-1346.339600 2760.000000
-1335.790894 2759.000000
-1296.467041 2698.000000
-1067.818970 2239.000000
-838.729675 1772.000000
-803.736023 1711.000000
-795.312134 1706.000000
-790.652161 1709.000000
-782.324707 1704.000000
-776.336609 1704.000000
-773.538818 1711.000000
-763.090759 1701.000000
-761.639832 1711.000000
-751.751831 1702.000000
-747.646851 1706.000000
-741.798584 1706.000000
-738.130310 1711.000000
-728.886597 1703.000000
-723.116333 1703.000000
-719.474304 1708.000000
-713.730652 1708.000000
-707.179504 1706.000000
-701.896301 1707.000000
-694.995605 1704.000000
-689.348938 1704.000000
-685.327576 1708.000000
-678.911987 1706.000000
-673.713196 1707.000000
-667.353149 1705.000000
-662.189758 1706.000000
-656.268982 1705.000000
-651.518494 1707.000000
-644.881409 1704.000000
-639.782959 1705.000000
-635.440247 1708.000000
-628.514404 1704.000000
-624.557007 1708.000000
-616.966797 1702.000000
-613.744019 1708.000000
-607.294800 1705.000000
-602.646790 1707.000000
-597.303101 1707.000000
-591.976074 1707.000000
-587.352966 1709.000000
-580.690186 1705.000000
-577.105713 1710.000000
-571.500000 1709.000000
-566.247559 1709.000000
-561.338989 1710.000000
-555.139038 1707.000000
-550.261414 1708.000000
-545.073669 1708.000000
-538.952637 1705.000000
-534.743225 1708.000000
-529.910217 1709.000000
-525.085754 1710.000000
-519.661621 1709.000000
-514.257629 1708.000000
-510.066467 1711.000000
-504.395508 1709.000000
-498.458099 1706.000000
-494.576752 1710.000000
-488.108795 1705.000000
-484.233734 1709.000000
-477.824799 1704.000000
-474.233002 1709.000000
-468.703003 1707.000000
-464.284180 1709.000000
-460.135193 1712.000000
-453.854370 1707.000000
-449.192810 1708.000000
-444.277557 1708.000000
-439.889038 1710.000000
-434.229065 1707.000000
-429.855804 1709.000000
-425.482819 1711.000000
-420.372528 1710.000000
-414.793365 1707.000000
-411.404022 1713.000000
-406.567932 1713.000000
-401.039307 1710.000000
-396.465302 1711.000000
-391.667603 1711.000000
-386.428284 1709.000000
-382.327332 1712.000000
-378.219971 1715.000000
-372.364136 1710.000000
-368.266022 1713.000000
-363.100220 1711.000000
-358.583710 1712.000000
-354.278076 1714.000000
-349.155334 1712.000000
-344.455383 1712.000000
-339.764740 1712.000000
-335.670563 1715.000000
-330.411011 1712.000000
-325.747650 1712.000000
-320.530304 1709.000000
-316.631897 1713.000000
-311.627625 1711.000000
-307.898468 1716.000000
-303.267090 1716.000000
-297.773682 1711.000000
-293.000641 1710.000000
-288.915558 1713.000000
-283.992188 1711.000000
-279.740448 1713.000000
-275.003723 1712.000000
-271.069489 1716.000000
-266.344757 1715.000000
-262.090393 1717.000000
-257.232635 1715.000000
-252.687042 1715.000000
-248.003632 1714.000000
-243.332123 1713.000000
-238.951263 1714.000000
-234.024490 1711.000000
-229.790543 1713.000000
-225.552307 1715.000000
-220.922836 1714.000000
-216.430908 1714.000000
-212.068512 1715.000000
-207.706512 1716.000000
-203.226547 1716.000000
-198.404526 1713.000000
-194.056396 1714.000000
-189.265778 1711.000000
-185.036026 1713.000000
-180.273697 1710.000000
-176.045883 1712.000000
-171.712280 1713.000000
-167.378265 1714.000000
-163.043488 1715.000000
-158.707993 1716.000000
-154.371536 1717.000000
-149.684845 1714.000000
-145.187195 1713.000000
-140.780762 1713.000000
-136.617050 1716.000000
-132.056366 1714.000000
-127.956375 1718.000000
-123.407898 1716.000000
-118.873085 1714.000000
-114.418541 1713.000000
-110.293396 1717.000000
-105.780823 1715.000000
-101.399483 1715.000000
-96.964508 1714.000000
-92.645248 1715.000000
-88.323563 1716.000000
-83.803452 1713.000000
-79.718246 1719.000000
-75.166504 1715.000000
-70.802513 1715.000000
-66.440414 1715.000000
-62.152599 1717.000000
-57.721771 1715.000000
-53.364967 1715.000000
-48.952526 1713.000000
-44.629929 1714.000000
-40.303406 1715.000000
-35.952103 1715.000000
-31.601952 1715.000000
-27.236856 1714.000000
-22.891233 1714.000000
-18.524492 1712.000000
-14.201768 1714.000000
-9.852176 1713.000000
-5.511392 1713.000000
-1.174127 1718.000000
3.171401 1714.000000
7.518681 1715.000000
11.850072 1713.000000
16.200096 1714.000000
20.543203 1714.000000
24.872211 1713.000000
29.247837 1715.000000
33.555771 1713.000000
37.965019 1716.000000
42.365456 1718.000000
46.695488 1717.000000
50.991669 1715.000000
55.440308 1718.000000
59.731289 1716.000000
64.200203 1719.000000
68.486412 1717.000000
72.848969 1717.000000
77.303162 1719.000000
81.674286 1719.000000
85.947388 1717.000000
90.370003 1718.000000
94.855186 1720.000000
99.352638 1722.000000
103.923180 1725.000000
108.071747 1721.000000
112.464066 1721.000000
116.791191 1720.000000
121.256958 1721.000000
125.657883 1721.000000
130.137329 1722.000000
134.390976 1720.000000
139.040985 1723.000000
143.376816 1722.000000
148.225967 1727.000000
152.485931 1725.000000
156.830154 1724.000000
161.360428 1725.000000
165.707611 1724.000000
170.152466 1724.000000
174.297684 1721.000000
178.847397 1722.000000
183.193893 1721.000000
188.411911 1728.000000
204.052597 1828.000000
229.696945 2011.000000
241.578323 2068.000000
250.060028 2094.000000
245.749283 2014.000000
234.422852 1881.000000
255.744568 2010.000000
283.070343 2180.000000
313.146606 2364.000000
331.496582 2454.000000
340.824890 2475.000000
327.873932 1847.000000
331.578369 1840.000000
339.094421 1854.000000
343.354401 1850.000000
334.232452 1775.000000
338.657043 1773.000000
344.048309 1776.000000
348.089966 1772.000000
353.114929 1773.000000
363.403870 1800.000000
377.737885 1846.000000
388.393738 1873.000000
394.375732 1877.000000
399.112732 1875.000000
405.574646 1881.000000
410.988617 1882.000000
418.187836 1891.000000
423.209320 1890.000000
428.690063 1891.000000
434.876312 1895.000000
440.167389 1895.000000
445.705383 1896.000000
450.547546 1894.000000
456.353271 1896.000000
462.669678 1900.000000
468.282227 1901.000000
473.165710 1899.000000
478.806427 1900.000000
484.465942 1901.000000
489.629028 1900.000000
494.799652 1899.000000
499.978119 1898.000000
500.104858 1878.000000
502.552704 1867.000000
507.399445 1865.000000
512.798828 1865.000000
519.045349 1868.000000
526.166321 1874.000000
618.159241 2179.000000
701.347046 2447.000000
794.232239 2743.000000
876.593384 2997.000000
897.546265 3038.000000
907.725525 3042.000000
917.652527 3045.000000
926.405151 3044.000000
933.948364 3039.000000
944.590759 3044.000000
951.529968 3037.000000
956.238586 3023.000000
959.293396 3004.000000
961.937683 2984.000000
965.463867 2967.000000
966.942810 2944.000000
968.308899 2921.000000
967.888550 2893.000000
969.011841 2870.000000
969.339905 2845.000000
970.571472 2823.000000
971.348206 2800.000000
969.208435 2769.000000
0.706285 2.000000
0.438172 1.000000
2.208047 5.000000
7.566041 17.000000
19.735199 44.000000
48.364819 107.000000
77.891037 171.000000
106.032066 231.000000
70.305908 152.000000
44.743694 96.000000
43.676262 93.000000
