-1483.111816 2721.000000
-1466.294067 2710.000000
-1452.865845 2705.000000
-1184.166016 2221.000000
-19.053333 36.000000
-229.024658 466.000000
-1339.022461 2745.000000
-1331.433472 2750.000000
-1290.700684 2686.000000
-1051.603760 2205.000000
-811.276917 1714.000000
-772.263000 1644.000000
-765.010132 1641.000000
-762.431091 1648.000000
-756.614502 1648.000000
-750.823242 1648.000000
-746.412964 1651.000000
-738.865662 1647.000000
-734.931274 1651.000000
-726.575684 1645.000000
-723.543335 1651.000000
-717.013977 1649.000000
-712.677551 1652.000000
-705.346497 1648.000000
-699.762634 1648.000000
-695.885010 1652.000000
-690.747559 1653.000000
-682.722534 1647.000000
-678.869812 1651.000000
-671.747559 1647.000000
-667.503418 1650.000000
-662.456604 1651.000000
-657.024414 1651.000000
-651.611328 1651.000000
-645.434204 1649.000000
-642.393921 1655.000000
-635.483887 1651.000000
-631.671448 1655.000000
-624.823486 1651.000000
-620.270508 1653.000000
-614.606140 1652.000000
-608.227844 1649.000000
-605.542358 1656.000000
-598.479553 1651.000000
-595.058594 1656.000000
-590.197937 1657.000000
-584.288452 1655.000000
-579.807434 1657.000000
-574.636414 1657.000000
-570.168823 1659.000000
-564.342346 1657.000000
-559.556274 1658.000000
-555.114075 1660.000000
-549.018250 1657.000000
-541.971130 1651.000000
-537.902771 1654.000000
-533.186584 1655.000000
-528.798035 1657.000000
-522.515381 1653.000000
-519.715332 1660.000000
-514.096619 1658.000000
-508.811157 1657.000000
-505.370178 1662.000000
-498.601074 1656.000000
-495.459045 1662.000000
-490.523895 1662.000000
-484.141296 1657.000000
-480.404663 1661.000000
-475.226166 1660.000000
-470.066559 1659.000000
-464.364929 1656.000000
-460.913422 1661.000000
-455.523315 1659.000000
-451.515686 1662.000000
-446.965424 1663.000000
-441.092194 1659.000000
-436.306152 1659.000000
-431.792023 1660.000000
-426.769562 1659.000000
-422.018768 1659.000000
-417.028046 1658.000000
-412.800385 1660.000000
-408.080933 1660.000000
-402.643585 1657.000000
-399.155579 1662.000000
-394.463440 1662.000000
-388.609436 1657.000000
-384.416107 1659.000000
-379.993134 1660.000000
-374.670380 1657.000000
-370.491241 1659.000000
-366.090485 1660.000000
-361.258545 1659.000000
-356.011993 1656.000000
-351.428375 1656.000000
-347.273254 1658.000000
-342.496368 1657.000000
-338.754089 1661.000000
-334.998962 1665.000000
-330.437073 1665.000000
-326.471436 1668.000000
-321.533142 1666.000000
-316.233978 1662.000000
-311.715271 1662.000000
-307.944366 1666.000000
-303.067413 1664.000000
-298.388794 1663.000000
-294.430634 1666.000000
-289.420013 1663.000000
-284.947418 1663.000000
-280.819855 1665.000000
-276.191101 1664.000000
-271.575226 1663.000000
-267.293335 1664.000000
-262.855255 1664.000000
-258.424286 1664.000000
-254.152878 1665.000000
-249.583145 1664.000000
-245.467407 1666.000000
-240.913681 1665.000000
-236.229614 1663.000000
-231.841278 1663.000000
-227.048889 1660.000000
-222.278412 1657.000000
-218.581879 1662.000000
-214.091492 1661.000000
-209.233383 1657.000000
-205.267471 1660.000000
-201.170303 1662.000000
-197.068176 1664.000000
-192.034256 1658.000000
-187.716156 1658.000000
-183.181839 1656.000000
-178.986984 1657.000000
-174.791687 1658.000000
-170.904358 1662.000000
-167.401932 1670.000000
-163.374466 1673.000000
-159.716064 1680.000000
-155.285965 1679.000000
-150.955048 1679.000000
-146.453613 1677.000000
-142.390244 1680.000000
-137.822159 1677.000000
-133.591721 1678.000000
-129.128632 1676.000000
-124.902702 1677.000000
-120.675095 1678.000000
-116.306976 1677.000000
-112.013947 1677.000000
-107.723953 1677.000000
-103.375313 1676.000000
-99.152733 1677.000000
-94.984489 1679.000000
-90.646492 1678.000000
-86.367683 1678.000000
-82.042259 1677.000000
-78.002380 1682.000000
-73.501007 1677.000000
-69.233711 1677.000000
-64.968269 1677.000000
-60.704666 1677.000000
-56.476463 1678.000000
-52.182537 1677.000000
-47.866596 1675.000000
-43.640469 1676.000000
-39.433884 1678.000000
-35.176460 1678.000000
-30.901733 1677.000000
-26.617115 1675.000000
-22.383726 1676.000000
-18.102497 1673.000000
-13.878624 1675.000000
-9.633622 1675.000000
-5.379478 1672.000000
-1.145423 1676.000000
3.097389 1674.000000
7.338934 1674.000000
11.573362 1673.000000
15.812579 1673.000000
20.039810 1672.000000
24.233345 1669.000000
28.497456 1671.000000
32.928928 1681.000000
36.903061 1668.000000
41.206448 1671.000000
45.308495 1666.000000
49.564499 1667.000000
53.859062 1669.000000
58.095291 1669.000000
62.295486 1668.000000
66.372383 1664.000000
70.473000 1661.000000
74.649940 1660.000000
78.776009 1658.000000
82.793816 1654.000000
87.056091 1655.000000
91.270538 1655.000000
95.487000 1655.000000
99.645760 1654.000000
103.362061 1646.000000
107.170868 1640.000000
110.136810 1622.000000
110.406540 1567.000000
84.331703 1155.000000
58.267063 771.000000
56.959896 729.000000
58.747440 728.000000
60.614590 728.000000
62.826527 732.000000
64.530273 730.000000
66.589134 732.000000
68.379410 731.000000
70.166222 730.000000
72.048317 730.000000
73.729637 728.000000
75.921860 731.000000
77.599274 729.000000
79.486275 729.000000
81.487091 730.000000
83.723450 733.000000
85.393494 731.000000
87.294121 731.000000
88.830917 728.000000
91.102127 731.000000
92.882355 730.000000
94.659760 729.000000
96.699249 730.000000
99.151787 734.000000
100.663834 731.000000
129.942459 732.000000
131.730316 731.000000
133.516144 730.000000
136.413773 735.000000
137.270676 729.000000
140.008804 733.000000
142.384857 735.000000
143.596924 731.000000
145.587723 731.000000
147.380463 730.000000
149.376297 730.000000
152.412918 735.000000
154.010345 733.000000
155.600754 731.000000
157.831284 732.000000
160.071548 733.000000
161.658020 731.000000
163.685715 731.000000
165.717834 731.000000
168.442856 734.000000
170.259995 733.000000
172.311203 733.000000
174.842896 735.000000
175.946335 731.000000
178.980103 735.000000
181.056000 735.000000
182.638474 733.000000
184.970474 734.000000
187.058380 734.000000
189.151413 734.000000
190.728470 732.000000
192.826126 732.000000
195.461639 734.000000
197.306458 733.000000
199.150879 732.000000
201.820023 734.000000
203.950378 734.000000
206.086487 734.000000
208.795425 736.000000
209.802231 732.000000
212.528778 734.000000
214.687881 734.000000
217.148285 735.000000
218.427048 732.000000
221.803696 736.000000
223.079819 733.000000
224.651611 731.000000
227.769257 734.000000
229.971359 734.000000
232.179672 734.000000
234.075256 733.000000
236.293671 733.000000
238.844116 734.000000
241.078812 734.000000
243.320343 734.000000
246.237808 736.000000
247.823944 734.000000
250.427002 735.000000
252.699265 735.000000
254.631989 734.000000
256.565460 733.000000
259.559540 735.000000
322.056274 735.000000
325.466156 737.000000
327.119995 735.000000
329.219025 734.000000
333.129639 737.000000
334.794800 735.000000
337.833771 736.000000
340.891174 737.000000
342.568909 735.000000
345.652985 736.000000
